#bact   fung	EM 	bacVor	funVor 	detrVor engin	herbVor pred
1.353396235175127860e+01 1.504642823892851089e+00 2.308209398722018135e-01 1.468486361821926156e+00 8.050473426027208168e-01 1.869066029222645198e-01 1.028648672526067259e-01 1.424136068929253429e-01 1.071541038124068784e-01
5500 	5500 	5500    7.5 	7.5 	5500 	5500 	160 	1	# Ks, g m-2 originally 0.703396235175127860
0.01 	0.01 	0.01 	0.005 	0.005 	0.0013 	0.0065 	0.005 	0.005 	# death, g (g day)-1
0.05 	0.03 	0.03 	0.02 	0.02 	0.01 	0.01 	0.01 	0.01	# resp, g (g day)-1
0   	0   	0   	0   	0 	0.3 	0.3 	0.3 	0.3	# feac, fraction 0-1
4   	8   	9   	6   	9   	5   	5   	8  	8	# CN
0.2 	0.4 	0.5 	0.6 	0.8 	0.9 	0.5 	0.1 	0.1	# rec
0.8   	0.3     0.3   	0   	0   	0   	0   	0   	0    	# mCN
0.9 	0.3 	0.5 	0.1 	0.1 	0.1 	0.1 	0.1 	0.1  	# mREC
0   	0   	0   	0   	0   	0   	0   	0   	0    	# tmin
25  	25  	25  	25  	25  	15  	15  	15  	15   	# topt
40  	40  	40  	40  	40  	40  	40  	40  	40   	# tmax
2.5	2.5	2.5	2.5	2.5	2.5	2.5	2.5	2.5	# Q10 of respiration