1.68371538997671			0.0499092801951794			1.23252501782165			1.05192978698047			0.0377170044446009			0.0765920115541877			0.280933596022423			0.41736814931873			0.024421366820095
0.385534290966275			0.0592473737137432			0.0487952328752783			1.65982681705778			0.0526351141995506			0.0124785874094348			0.00285757630365221			0.391068212169072			0.27084652607871
0.147646384544103			0.113850253898177			0.280056262534922			2.34843538297717			0.432646588069898			0.0597180579358859			0.273083473574434			0.246924635191923			0.488958976578562
0.598915444413944			0.0234132750773264			1.88475653520951			0.425657913529459			0.223310644264069			0.0947984356408397			0.328694978775249			0.354433151680479			0.00727437034026678
0.768022696042267			0.0704186759448112			0.592048929142896			0.640774452628485			0.0135575452436649			0.0266069119477444			0.158319569997682			0.280247894278014			0.161158091517235
0.657605818798265			0.0481389522818448			0.49771802956901			2.07452860905528			0.0442951736926318			0.0883052127880949			0.410624133578043			0.185694236721929			0.377601066095924
0.480824783686307			0.127368037707363			1.93670634413517			0.759745260057204			0.140301168473799			0.0272576539245551			0.213551008970638			0.413853844552071			0.404157331354603
1.98811666228567			1.05568424819107			1.994170126023			1.07082503905138			1.05380863251912			0.0510718165810955			0.407559453959927			0.418419023855518			0.000842929864019941
0.865071408136178			2.36034820358109			2.42048458328195			1.75650225032114			1.46887937625367			0.0456555683559194			0.127686143851023			0.198761803193198			0.195656717142625
1.43295914390547			0.621451452710567			2.38102831649877			1.35994562061247			1.04164226160793			0.316828410873555			0.102332285202946			0.116936730620026			0.262844818526588
1.72130526438105			1.11141951502243			2.2223915646714			1.20188300118917			1.06440557024695			0.225066495054856			0.0529527556984964			0.100451005166658			0.218312293956776
1.85726592466343			1.90667846074173			2.0110713642684			0.21665736641023			1.5232637291201			0.0650095766596376			0.166458954393048			0.0962032404522627			0.400799688892068
1.20790287830753			0.590269589925508			0.161820117023575			1.52190189276505			0.611813291943938			0.139619087775221			0.426712750084188			0.233629670979354			0.0597598786801573
0.941329162925129			0.649760888742974			0.398742366237168			1.55141513459077			0.0880408035458659			0.260492748769034			0.479750104446217			0.236722314871415			0.157320195797664
0.227005028142214			2.78940496652525			2.7291244688008			2.89995797127803			0.857376724309299			0.436969275505892			0.299802534622703			0.261332321622526			0.470612660148761
1.24727722211827			0.0987802420541588			1.69384573332323			1.15401599518366			0.264954212298965			0.0923383956127405			0.0690946380438911			0.129859875275573			0.431553324972953
2.90524789472898			1.29551889165859			1.32081765055782			2.97787622383663			2.74401542136158			0.0498517936663925			0.371319586155424			0.107034371152376			0.0623299392236439
2.07735357613565			2.98999139964054			1.72784027406797			2.76922175200506			2.34812721418462			0.0328002075488983			0.352593387746601			0.102628713887037			0.212711432738704
2.64767586900499			2.50116661619712			1.28211298587124			2.3063913992975			1.28405875317079			0.000711906457783651			0.0830668005597991			0.0133445832983297			0.386160795526876
2.2066811283339			2.60578517025247			0.265234099746566			1.3672988283796			1.11836917037798			0.118023065795298			0.248206750684912			0.115454182668696			0.365834355313575
0.117667840084677			2.38020897392953			0.690765742976373			0.0396397904077635			0.298849047620692			0.145892037493883			0.178763280554498			0.16762124244033			0.163225602505706
0.656509150028576			1.97002804230213			1.16898281690977			0.1084840035467			0.910747639093999			0.172420311926052			0.0591058004016165			0.302415929669579			0.476389015985332
0.589410883079745			2.38484465544263			0.0919140392703365			0.637737968232845			1.91051192503007			0.204876646864798			0.08957072886773			0.338013453379071			0.450921740846348
0.403406129146798			2.18611137418336			1.96760654571026			1.34176411267785			1.9061296613046			0.453377812233357			0.153170858668755			0.215752507566701			0.487959523455957
0.983039761359256			0.511300134050908			1.85143193279124			1.12037587921545			0.933357089326939			0.202045636124195			0.197985514574329			0.177435603872489			0.445408033540536
0.0604976849502938			0.341480755902278			2.14400859257762			1.08345622093424			2.84792156734585			0.00463271384573054			0.347245593588214			0.247336459504761			0.256583395534634
0.989026414678794			1.97621478463857			0.793338708086947			1.22186685533105			1.54552859579669			0.203773516644236			0.285291055494773			0.442028889328877			0.169811859980691
2.77088627784874			1.61995926217989			2.84149419408055			0.0390723507191774			0.131669597932177			0.400917433431844			0.0343157956164118			0.310125673428303			0.00507278684814956
0.31669504087609			0.842746099406907			0.25634601249643			2.8912676784156			2.96110666653094			0.102367489145993			0.329837649358149			0.239597820666674			0.138650812547301
0.895736458427566			0.157970224823102			2.58572682190927			2.70244999742828			2.2446751916606			0.374466603313376			0.218431098629364			0.349506561085116			0.372998320788056
1.66314470657776			0.0261979884342753			1.80912416308531			0.263713372294871			2.79018186829508			0.406194698787812			0.115120953331313			0.36770742848147			0.45417047227812
2.00394046724959			0.683188584235286			0.908954037089877			1.30478382111576			2.58684519371189			0.323053470457652			0.0120587153433399			0.320623240287371			0.451854423817841
0.507910470331752			1.64716124403246			2.81304767678782			0.925007805770496			2.31884607437241			0.212304169247017			0.0717205925017456			0.436395667970913			0.226754731870908
0.419868826740432			0.159731245509117			2.76530257112762			0.310306427078409			0.626785030584012			0.044527324910945			0.33777053130391			0.326463824495326			0.415914010099648
1.10267554262179			2.88122488820145			0.593571395196993			2.02965462954075			0.457958071160093			0.235582758300594			0.479623896555612			0.373434299709684			0.0477000125187888
0.506967592377741			2.91482375877822			1.28045974087219			1.15300672679077			0.323389056608104			0.488700003916101			0.380150098505089			0.0925949210222623			0.292865450838443
0.246258297153219			2.29346898064018			2.35244803530506			0.43136017483627			2.49267328500905			0.242219490932506			0.404534779360341			0.488044880250821			0.261284001429425
0.409344862393362			0.678641392434505			1.73853051535608			0.453016286603827			2.47424201666678			0.477434731834156			0.0109097724543108			0.391238798508068			0.430664960931954
0.757632805523494			1.25764991621583			1.38495935127941			1.1322834066312			2.81543581304579			0.467074676418213			0.0179344495538927			0.388485150804533			0.451373618098642
0.461227654352275			1.71313900931206			1.93627330897376			0.417877067877997			1.59387686740578			0.327110310667474			0.0736482031677674			0.336261810416463			0.404400001126416
1.47739515518213			1.51362884273492			1.39279217791931			1.47100542508296			2.68304946655675			0.476284565002593			0.114592600071731			0.00927824123631485			0.0415340593966669
1.77167174886724			1.54929269246196			1.66545004003901			1.537024967337			2.61344008128302			0.471641613795375			0.118213382331909			0.018593084939399			0.0815941429935262
1.55793830377209			2.88862763125641			2.33824401741527			1.92878285752013			2.03270314689759			0.376233724327318			0.199421805499308			0.0957228354062263			0.0188226680968451
2.00686322704809			1.74324020799053			1.27767251790556			0.975386531140301			0.665181618335134			0.2256715356498			0.314266071179196			0.0753450083732292			0.31970971045907
0.710919427084545			0.495576438922058			1.32111117408817			1.02772693043844			1.79098428195425			0.0768976934694773			0.139371700107781			0.394440762070136			0.434492559870903
0.777974705676113			1.96405658404269			1.30453177795213			2.48121982819161			2.88981353169107			0.2315207831744			0.280380580929931			0.170072563242471			0.121067593153163
0.383764259772178			2.3035953974249			0.0860649989219654			0.0590132103490494			0.470859137720913			0.402086620929568			0.486801963343983			0.106721492706116			0.231296338314924
1.5757163468689			1.16178171608324			1.46321884519672			0.224386520814147			0.54992897912988			0.490061412128593			0.479737794618907			0.49644032984513			0.155037663631793
1.84934219447566			1.85453999693766			0.898543137929138			0.846646884299447			0.0150865204301909			0.470712396265084			0.486733103926473			0.493696333416841			0.175000773546723
1.01563123329737			1.17145364245067			2.17218666054097			0.958162875330061			1.38463321107791			0.454453497684761			0.0195151305316239			0.206594676778677			0.389681883835847
1.13483746201281			1.51138887877382			1.09927430086121			1.46649451648615			1.91470368295731			0.347136977187374			0.200197171610418			0.239199291206333			0.0746190021871285
0.827187908009885			1.29072186593309			1.33328414582498			1.3891788238038			2.20132709166685			0.389355815847762			0.220364492662728			0.298388287928624			0.112412317396656
0.475956726648256			1.63956680241758			1.25877156438516			1.97283398927395			2.07954294885988			0.352754083685291			0.121821804197988			0.300690620345574			0.0925881963845848
2.77969292253067			0.688244983997774			0.444688237161856			2.71523741914231			2.45203107685281			0.0542485405727231			0.163430223757188			0.2264308247028			0.359325174984302
0.54188022416284			1.7455910247304			1.74303385140419			2.20593211505939			2.49519396337783			0.109603773060635			0.117332451791137			0.0476196939618696			0.340405717716001
0.680025910363385			1.35986905393122			2.04275228719165			2.88694256819993			2.32788480610986			0.228291765413398			0.303649757645173			0.111831955393226			0.203070568802958
0.780064158784945			1.10913090446258			0.282624355352505			0.471434245201295			0.840906845496445			0.248474438162561			0.348063925789304			0.0516889160240687			0.0901380091533852
1.26885076938041			0.340013952344854			1.50611505938718			0.525114010381895			1.51177766778225			0.435283380442084			0.368285451832454			0.406104563597401			0.380548649305413
1.67837092302437			1.2853862300003			2.30463283767276			0.910984018113885			1.57868625921484			0.265183013662492			0.382433523592304			0.195176621853961			0.234607981646007
0.771138576052374			1.90533093512792			2.52171443761687			2.66667251948546			1.76667982244131			0.418659510642989			0.202801509437386			0.238235423841718			0.025437896267835
0.367819352210297			0.14691559331206			2.09726054877147			2.09749028031062			0.983991965368399			0.451733317386216			0.156310503226412			0.182109162134081			0.179620498024947
1.26981046840748			1.15844676109632			1.84488891930614			1.15137417910791			0.577502528028977			0.380170112998802			0.0415622750157484			0.128186296745755			0.151196360552279
0.887048084964574			1.39582060078173			2.12075314501234			0.409370681469827			0.550290363355263			0.367381744938459			0.116518772456116			0.110334967403136			0.211948250807163
1.47488242251439			2.63933989193706			0.462412288889489			0.159265869856822			0.0591568883603647			0.437529173467176			0.0382615615500631			0.0504846811256693			0.394820116893572
1.38664846162435			0.0606761984554947			0.236022102245748			0.851642782926192			0.33706880576625			0.00432034272130385			0.286587825818523			0.128909656805151			0.466270928736836
2.01798284648806			0.21122627952576			0.083814164226914			1.65760278771904			1.58966099508947			0.475598040652555			0.176562293071938			0.0541497472287835			0.147664427326754
0.43798103772787			2.05254287870886			2.90675155523104			2.6865767221771			1.9819812455751			0.477947933812619			0.473011900835483			0.413368027665371			0.459715895430337
0.343646051393064			2.95099627579495			1.8834523965441			2.72986799067737			1.16752585244602			0.437531686450845			0.413447792915816			0.4299623832854			0.362641479994559
1.65021716103894			1.49714230079482			2.76444263762672			1.80700589218977			1.23344058676673			0.179182749888045			0.238405707480252			0.168072669500962			0.0365673747848589
0.310278222199406			2.26511819286656			2.87941108926588			0.290053862203262			1.97259754689823			0.204258302604049			0.0487166215676122			0.447836950588864			0.129987714023155
0.45536756729774			0.452218679872476			2.376326362654			1.04544453602255			0.0232840029967918			0.00273589800153939			0.434230837653955			0.307196990083245			0.0659035391179322
0.775240246139666			0.572131230487804			1.59169423999412			0.996933095169547			2.09696086209579			0.250883262329738			0.246825810079302			0.369143450436553			0.211087525666774
0.141782555255033			1.72243199413494			2.61030801880006			0.579036400985293			2.26542521817849			0.373542096030013			0.13080193715106			0.0652078927710329			0.156117118734331
2.33678739933672			2.15087988112222			0.805952000840033			2.16324756736736			2.17557352189042			0.402396862225016			0.189075773801817			0.093665718027937			0.160834038101435
2.90704972371268			2.90168998303401			2.4972623917357			1.85831146560806			2.80394447151748			0.261532465856786			0.401374787845915			0.105081853022522			0.306912001207059
0.607661823592949			2.5452602686444			1.28479841864719			1.45076175455111			0.276256144241003			0.201392059520806			0.468350009396872			0.035707565042015			0.314016118920073
0.967898624142814			0.960794322883408			0.884116383090983			1.17154652641723			0.923654283728438			0.167251031706609			0.344872923134355			0.257031513082708			0.418873728567237
0.165145110099536			1.31186745024283			0.0275244380245351			0.785478048843811			1.16300485509919			0.393005819136889			0.331683151372384			0.00997855202047305			0.430008155634375
0.291163579307214			1.65283069850272			1.11642648445008			0.544188502928196			0.1729521546579			0.449454768468574			0.0545867322981328			0.0628302225350336			0.221293852644436
2.64206494076725			1.76222639971479			1.13971275770935			1.78321792874748			0.480770311427464			0.190551548982373			0.0938167066598675			0.142672774173842			0.144900588315959
1.90203940432279			2.59315033034509			1.25734123638098			2.98047884271063			0.524995078432124			0.0562500752514099			0.0991029964704095			0.0117942050141331			0.00574968952679792
2.37550057237073			1.78844576192991			1.98460965781691			2.0702930977667			0.73831017897697			0.131969907323284			0.0153885762972354			0.112884040996008			0.0781589356225043
2.88931734961062			0.789481144617746			1.11332904322174			2.10634694889243			0.195748838497752			0.472295510551485			0.309575628441981			0.205028181322017			0.406436959181765
2.77843095849156			0.170736651467633			1.95788768608932			1.8779820744281			0.851724612419765			0.417862310608012			0.303743555741365			0.222821772160412			0.278638870389643
1.41395619965954			1.08464843233273			2.13975456119349			1.73789745385493			0.0839212021982224			0.00563591904669892			0.25318611919751			0.0537301557794064			0.165325704824548
0.11359260649323			0.731538639538171			1.90824611380061			0.116238683596188			0.866898202130702			0.0612069852864687			0.447052979423708			0.113506156805709			0.397662177104897
2.31886263086647			0.80927988021091			1.89481355396043			1.12325477700179			1.97750594772287			0.367875056978715			0.206120504067389			0.453295575741914			0.455150814358907
0.351935361026111			0.0227246315069889			1.04800151261451			0.883326078500172			2.31921184789579			0.153261746155976			0.345306952051405			0.429676611270368			0.464480431802671
1.20613349623631			0.799827910699122			2.66295092017386			1.77482468983363			0.410535593884123			0.157992468890013			0.146802122907124			0.316443941247708			0.0504441344181038
2.73579843511457			1.43117864816339			2.2392597506917			1.92428232710051			0.94425125897067			0.0665659729341698			0.232213556660596			0.174807905995144			0.188391193465571
2.79033071318747			2.02746810776774			2.27676813497322			2.16643497058463			0.903563344895248			0.0668701884876126			0.289327958322936			0.141280693227909			0.217231460876637
2.10930872793613			2.4254415934886			2.34872596391403			2.58637707690795			0.966612148015027			0.253346757337873			0.313112436959498			0.0567764263531917			0.00594590996553095
1.5248518606793			0.617578696357383			2.69260989221211			1.21212277905856			0.522180979507381			0.164192003700997			0.200926375718431			0.338997240007979			0.371879641639539
1.4671100758872			0.926381389571415			1.48152106602025			0.545381042586108			0.831129943294602			0.414591790659322			0.402408459732529			0.375717380618765			0.364931335244577
1.70534039532818			0.547901799143959			0.552345985579345			2.21956430530434			0.222235674380685			0.119789183401062			0.348031333989208			0.388398379776995			0.348801524876627
1.30512417520575			0.413164512180499			0.909797769259419			2.43898607933264			1.81927371018155			0.0316398054273635			0.204265341994922			0.0305727714100034			0.086057223732525
2.47053424233536			1.74001016409267			2.08855023436151			2.36563618297602			2.13313917121557			0.269137280007544			0.22717873036086			0.371711115688323			0.251058261884133
2.37993986402655			1.37221164875122			1.23433356083952			1.83200417051102			2.22376818360022			0.150525291531698			0.455181837715874			0.0738978288991702			0.199613929007176
1.05595539922923			0.119320279359706			2.63770421940937			1.93705926393248			1.49999591072766			0.0472113975688038			0.00977482773798116			0.0794396518615279			0.355451922549078
0.90512588077417			0.00193766167943958			1.89304734003664			0.893298852604772			0.162609290660663			0.0213798933190224			0.411635285952513			0.49505849853353			0.201449479820792
0.972067693501125			0.18313292958599			0.853529565756304			0.0898244367459819			0.0262759339456445			0.0232545610698946			0.389636933555313			0.448218348199418			0.199142849818812
