6.159321105940323005e-01 5.754660016456062399e-01 5.754660016456062399e-01 2.623387363826934049e+00 8.590444391700052806e-02 2.897918852926501643e+00
6.159321105940323005e-01 5.730268426768871937e-01 5.730268426768871937e-01 2.628196186136645185e+00 8.428685427244710093e-02 1.767361973163370070e+00
6.159321105940323005e-01 5.741580988200408742e-01 5.741580988200408742e-01 2.626360923802857350e+00 8.428685427244710093e-02 1.769152687998723605e+00
6.159321105940323005e-01 5.725900462451877226e-01 5.725900462451877226e-01 2.628691558355030988e+00 8.468379825764239810e-02 1.766343484003868758e+00
6.159321105940323005e-01 5.737752609704852569e-01 5.737752609704852569e-01 2.626972900974332781e+00 8.428685427244710093e-02 1.768314130817097096e+00
6.159321105940323005e-01 5.734469889163353873e-01 5.734469889163353873e-01 2.627513730262049041e+00 8.428685427244710093e-02 1.767820997514119030e+00
6.159321105940323005e-01 5.752326700458658681e-01 5.752326700458658681e-01 2.624616602984173763e+00 8.428685427244710093e-02 1.771070195774056222e+00
6.159321105940323005e-01 6.363899023363477347e-01 6.363899023363477347e-01 2.524341435720141025e+00 8.561429273604687085e-02 1.886698781690715698e+00
6.159321105940323005e-01 1.168523630870074603e+00 1.168523630870074603e+00 1.639758317814395072e+00 8.428685427244710093e-02 2.647879005587011392e+00
6.159321105940323005e-01 6.071865219764968069e-01 6.071865219764968069e-01 2.572494019187255621e+00 8.428685427244710093e-02 2.208351051452936975e+00
