Base set
1.68371538997671	0.499092801951794	1.23252501782165	1.05192978698047	0.0377170044446009	0.0765920115541877	0.280933596022423	0.41736814931873	0.024421366820095	

Model 1
2.358995352653623812e+00 5.715829942140455283e-02 9.851326071782100513e-01 9.920774838378110250e-01 2.612928503101470401e-01 3.449163753686890904e-02 2.627933236237515180e-01 3.929316251096785506e-01 1.043975089893633690e-01

Model 2
2.054263676792823734e+00 5.396791215836319044e-03 9.880339757167984072e-01 8.801042178489790757e-01 4.137248560492665789e-02 9.045941074372512714e-02 3.251437923031917920e-01 4.183818608431854602e-01 2.850269696458714030e-02

Model 3
2.168388123758473451e-01 1.196080235133687442e+00 1.522017848207514401e+00 1.784921508408412016e+00 7.686064634298357401e-01 1.146561650684295719e-01 2.483699241421944426e-01 3.174908384843612152e-01 4.237982796227347457e-03

Model 4
2.393956069764239913e+00 8.555164499040573273e-03 1.016578040203757638e+00 1.034023778591140363e+00 1.264442244347011579e-01 1.426163305036748652e-01 3.265651571669744291e-01 4.179621028965019858e-01 6.697814198659793328e-02

Model 5
1.399422123533799134e+00 1.969891508316450879e-01 1.579791146680309621e+00 8.972883158406202986e-01 6.638594246101627017e-02 6.169393704380044668e-02 2.772741224846546615e-01 4.070000311544269556e-01 4.966191861209097967e-03

Model 6
1.965717890190650019e+00 2.403889979284953501e-02 1.481180584277215218e+00 1.156628997436048190e+00 2.799246364012512589e-01 8.870445513087463207e-02 2.950293109759974941e-01 4.077465088458455122e-01 4.778216814477365126e-02
