DOY	year	month	DOM	P	Temperature
1	1999	1	1	0	7.989
2	1999	1	2	7	6.724
3	1999	1	3	12	5.561
4	1999	1	4	3	10.112
5	1999	1	5	0	12.087
6	1999	1	6	3.1	10.73
7	1999	1	7	5	6.983
8	1999	1	8	4.7	5.68
9	1999	1	9	0	2.426
10	1999	1	10	0	-1.335
11	1999	1	11	0	-2.254
12	1999	1	12	8	-0.525
13	1999	1	13	2	3.225
14	1999	1	14	1.6	5.663
15	1999	1	15	2.9	7.636
16	1999	1	16	12.9	7.38
17	1999	1	17	0.3	5.197
18	1999	1	18	0	4.381
19	1999	1	19	1.3	7.894
20	1999	1	20	1.6	9.725
21	1999	1	21	2.6	8.009
22	1999	1	22	1	4.351
23	1999	1	23	0.8	4.431
24	1999	1	24	1.5	6.101
25	1999	1	25	5.6	10.271
26	1999	1	26	7.6	5.75
27	1999	1	27	4.4	4.505
28	1999	1	28	5	5.239
29	1999	1	29	0	-0.334
30	1999	1	30	0	-0.923
31	1999	1	31	0	2.104
32	1999	2	1	1	4.808
33	1999	2	2	0	6.033
34	1999	2	3	0	6.168
35	1999	2	4	0.7	8.875
36	1999	2	5	12	5.03
37	1999	2	6	8	3.213
38	1999	2	7	12	1.044
39	1999	2	8	3	0.396
40	1999	2	9	4	-0.52
41	1999	2	10	4	0.108
42	1999	2	11	0	-0.041
43	1999	2	12	0	-1.967
44	1999	2	13	0	-4.079
45	1999	2	14	3	-1.421
46	1999	2	15	3	0.497
47	1999	2	16	2	4.838
48	1999	2	17	4	2.277
49	1999	2	18	1.8	3.684
50	1999	2	19	6	8.598
51	1999	2	20	0	6.297
52	1999	2	21	17.5	5.631
53	1999	2	22	7.1	3.233
54	1999	2	23	4.5	3.454
55	1999	2	24	0	2.184
56	1999	2	25	0	3.301
57	1999	2	26	0	5.931
58	1999	2	27	1.8	5.575
59	1999	2	28	3.2	6.82
60	1999	3	1	16.8	9.1
61	1999	3	2	5	10.783
62	1999	3	3	1.1	8.472
63	1999	3	4	2	6.776
64	1999	3	5	5	4.299
65	1999	3	6	1	3.669
66	1999	3	7	7.6	2.744
67	1999	3	8	7.7	3.887
68	1999	3	9	0	4.234
69	1999	3	10	0	4.167
70	1999	3	11	0	3.915
71	1999	3	12	0	10.059
72	1999	3	13	0	11.414
73	1999	3	14	0	7.574
74	1999	3	15	0	6.632
75	1999	3	16	0	7.495
76	1999	3	17	0	7.966
77	1999	3	18	5.9	7.202
78	1999	3	19	0	5.757
79	1999	3	20	0	6.359
80	1999	3	21	13.5	5.754
81	1999	3	22	8	4.916
82	1999	3	23	2	7.678
83	1999	3	24	0	8.172
84	1999	3	25	1	9.473
85	1999	3	26	3	9.187
86	1999	3	27	0	6.74
87	1999	3	28	0	7.265
88	1999	3	29	0	9.592
89	1999	3	30	0	12.533
90	1999	3	31	0	14.197
91	1999	4	1	0	14.226
92	1999	4	2	0	13.246
93	1999	4	3	5.6	10.939
94	1999	4	4	0	10.579
95	1999	4	5	5	12.807
96	1999	4	6	1	12.443
97	1999	4	7	0.8	9.233
98	1999	4	8	0	8.742
99	1999	4	9	0	10.135
100	1999	4	10	2	10.438
101	1999	4	11	5	8.864
102	1999	4	12	8.7	7.44
103	1999	4	13	10.3	5.104
104	1999	4	14	0.4	3.377
105	1999	4	15	0	4.326
106	1999	4	16	0	4.91
107	1999	4	17	0.8	6.455
108	1999	4	18	0	6.285
109	1999	4	19	1	6.242
110	1999	4	20	3.5	8.368
111	1999	4	21	5.6	11.539
112	1999	4	22	3.5	10.2
113	1999	4	23	0	11.241
114	1999	4	24	0.8	9.778
115	1999	4	25	0	11.899
116	1999	4	26	1.5	13.954
117	1999	4	27	0	12.934
118	1999	4	28	0	12.578
119	1999	4	29	0	10.12
120	1999	4	30	0	12.175
121	1999	5	1	0	12.353
122	1999	5	2	0	13.151
123	1999	5	3	0	13.929
124	1999	5	4	0	12.793
125	1999	5	5	3.4	11.121
126	1999	5	6	0	13.346
127	1999	5	7	11.5	14.508
128	1999	5	8	0	14.096
129	1999	5	9	0	15.436
130	1999	5	10	0.4	15.248
131	1999	5	11	4.1	13.591
132	1999	5	12	1.3	12.906
133	1999	5	13	0	12.411
134	1999	5	14	1	11.848
135	1999	5	15	0	10.238
136	1999	5	16	0	9.468
137	1999	5	17	0	12.398
138	1999	5	18	0	13.592
139	1999	5	19	10.7	16.629
140	1999	5	20	0.5	13.504
141	1999	5	21	2.1	14.545
142	1999	5	22	0	12.031
143	1999	5	23	0	12.507
144	1999	5	24	0	13.487
145	1999	5	25	0	13.444
146	1999	5	26	0	14.323
147	1999	5	27	0	19.956
148	1999	5	28	0	19.838
149	1999	5	29	14	19.754
150	1999	5	30	58.2	16.987
151	1999	5	31	0	13.304
152	1999	6	1	0	16.668
153	1999	6	2	6.5	17.669
154	1999	6	3	5	14.374
155	1999	6	4	11	13.378
156	1999	6	5	18.9	11.212
157	1999	6	6	5	11.581
158	1999	6	7	8.3	12.236
159	1999	6	8	3.1	12.227
160	1999	6	9	0	12.867
161	1999	6	10	1.8	13.335
162	1999	6	11	2	10.922
163	1999	6	12	0.8	13.159
164	1999	6	13	0	14.648
165	1999	6	14	1.2	17.014
166	1999	6	15	0	17.686
167	1999	6	16	0	18.974
168	1999	6	17	0	17.625
169	1999	6	18	0	13.279
170	1999	6	19	0	16.01
171	1999	6	20	9.5	13.621
172	1999	6	21	2.3	11.156
173	1999	6	22	1.4	11.905
174	1999	6	23	0	13.949
175	1999	6	24	0	14.988
176	1999	6	25	0	14.582
177	1999	6	26	0.6	17.837
178	1999	6	27	5	16.706
179	1999	6	28	1.7	14.423
180	1999	6	29	5.5	16.295
181	1999	6	30	0.8	15.946
182	1999	7	1	0.5	14.913
183	1999	7	2	0	18.19
184	1999	7	3	0	20.319
185	1999	7	4	18.2	19.058
186	1999	7	5	2.6	16.271
187	1999	7	6	0	16.959
188	1999	7	7	0	16.911
189	1999	7	8	0	17.325
190	1999	7	9	0	18.412
191	1999	7	10	0	20.64
192	1999	7	11	0	22.681
193	1999	7	12	0	22.42
194	1999	7	13	10.4	17.919
195	1999	7	14	0	16.149
196	1999	7	15	0	16.208
197	1999	7	16	0	17.06
198	1999	7	17	0	18.388
199	1999	7	18	1.2	22.07
200	1999	7	19	0	21.61
201	1999	7	20	3	19.804
202	1999	7	21	0	15.977
203	1999	7	22	5	13.494
204	1999	7	23	0	14.259
205	1999	7	24	0	19.166
206	1999	7	25	0	21.493
207	1999	7	26	0	16.865
208	1999	7	27	0	15.737
209	1999	7	28	0	17.813
210	1999	7	29	0	20.308
211	1999	7	30	0	22.174
212	1999	7	31	0	22.469
213	1999	8	1	0	22.859
214	1999	8	2	0	23.891
215	1999	8	3	0	20.57
216	1999	8	4	1.2	20.504
217	1999	8	5	0	20.171
218	1999	8	6	2.5	20.836
219	1999	8	7	1.8	18.856
220	1999	8	8	4.9	17.214
221	1999	8	9	5.4	16.991
222	1999	8	10	1	17.456
223	1999	8	11	0	14.789
224	1999	8	12	0	14.647
225	1999	8	13	5.9	16.541
226	1999	8	14	18.9	15.117
227	1999	8	15	0	15.216
228	1999	8	16	7	14.025
229	1999	8	17	1.9	13.456
230	1999	8	18	8.6	14.52
231	1999	8	19	2.6	14.389
232	1999	8	20	0.6	14.269
233	1999	8	21	0	13.336
234	1999	8	22	0	13.455
235	1999	8	23	0	14.542
236	1999	8	24	0	17.336
237	1999	8	25	0	22.92
238	1999	8	26	0	21.529
239	1999	8	27	0	17.532
240	1999	8	28	0	17.064
241	1999	8	29	0	17.551
242	1999	8	30	0	17.227
243	1999	8	31	0	15.776
244	1999	9	1	0	16.873
245	1999	9	2	0	18.183
246	1999	9	3	0	17.518
247	1999	9	4	0	18.515
248	1999	9	5	0	19.115
249	1999	9	6	8.1	17.908
250	1999	9	7	0	18.13
251	1999	9	8	0	18.421
252	1999	9	9	0	18.423
253	1999	9	10	0	17.225
254	1999	9	11	0	16.111
255	1999	9	12	0	15.051
256	1999	9	13	0	16.972
257	1999	9	14	0.4	15.115
258	1999	9	15	8.1	15.019
259	1999	9	16	0	16.004
260	1999	9	17	0	15.798
261	1999	9	18	0	14.27
262	1999	9	19	2.8	16.518
263	1999	9	20	0.7	16.62
264	1999	9	21	5.2	14.314
265	1999	9	22	0.4	16.504
266	1999	9	23	1.5	17.781
267	1999	9	24	7.6	17.441
268	1999	9	25	0	15.846
269	1999	9	26	1.8	14.505
270	1999	9	27	4.3	13.334
271	1999	9	28	3	14.88
272	1999	9	29	1.1	15.888
273	1999	9	30	14	14.039
274	1999	10	1	1.8	13.265
275	1999	10	2	1.8	12.22
276	1999	10	3	8.1	10.098
277	1999	10	4	13	8.595
278	1999	10	5	2	8.531
279	1999	10	6	0.3	9.603
280	1999	10	7	0	10.338
281	1999	10	8	8.3	11.993
282	1999	10	9	0.9	13.48
283	1999	10	10	0.9	14.256
284	1999	10	11	1.4	12.455
285	1999	10	12	0	10.614
286	1999	10	13	0	10.519
287	1999	10	14	0	10.194
288	1999	10	15	0	10.368
289	1999	10	16	0	8.936
290	1999	10	17	0	6.179
291	1999	10	18	0	5.266
292	1999	10	19	0	4.679
293	1999	10	20	0	5.428
294	1999	10	21	1	6.357
295	1999	10	22	9.5	10.743
296	1999	10	23	0	13.296
297	1999	10	24	2.1	12.492
298	1999	10	25	0	12.233
299	1999	10	26	0	13.197
300	1999	10	27	0	10.72
301	1999	10	28	0	10.699
302	1999	10	29	0	11.531
303	1999	10	30	4.5	14.465
304	1999	10	31	0	11.807
305	1999	11	1	4.5	12.823
306	1999	11	2	0.6	11.824
307	1999	11	3	0	9.077
308	1999	11	4	0	8.866
309	1999	11	5	2	7.565
310	1999	11	6	1	8.391
311	1999	11	7	0.5	8.621
312	1999	11	8	3.1	8.345
313	1999	11	9	1.1	9.386
314	1999	11	10	0	8.365
315	1999	11	11	0	6.026
316	1999	11	12	0	2.773
317	1999	11	13	1.4	1.321
318	1999	11	14	0	8.507
319	1999	11	15	0	2.345
320	1999	11	16	12.9	0.059
321	1999	11	17	10	3.683
322	1999	11	18	8.4	2.657
323	1999	11	19	0.5	2.456
324	1999	11	20	0	2.135
325	1999	11	21	0	0.029
326	1999	11	22	2.5	3.296
327	1999	11	23	0	7.177
328	1999	11	24	0.2	8.616
329	1999	11	25	2.5	8.547
330	1999	11	26	0.9	7.883
331	1999	11	27	0	7.582
332	1999	11	28	0	9.838
333	1999	11	29	0.5	8.402
334	1999	11	30	0.2	8.488
335	1999	12	1	1.9	9.845
336	1999	12	2	0	7.026
337	1999	12	3	5.4	7.919
338	1999	12	4	5	4.024
339	1999	12	5	0.5	4.107
340	1999	12	6	3.1	6.145
341	1999	12	7	9.4	8.21
342	1999	12	8	1.9	8.031
343	1999	12	9	3.2	8.074
344	1999	12	10	0.6	6.346
345	1999	12	11	25.4	8.61
346	1999	12	12	22	7.618
347	1999	12	13	9.5	5.349
348	1999	12	14	4.8	2.63
349	1999	12	15	1	0.107
350	1999	12	16	2	1.372
351	1999	12	17	6.6	4.877
352	1999	12	18	0.2	4.423
353	1999	12	19	4	1.642
354	1999	12	20	0	1.347
355	1999	12	21	0	-0.877
356	1999	12	22	4	-0.314
357	1999	12	23	0	6.177
358	1999	12	24	22.4	7.371
359	1999	12	25	19.4	8.726
360	1999	12	26	21.1	7.169
361	1999	12	27	0	3.931
362	1999	12	28	1	2.543
363	1999	12	29	0	3.974
364	1999	12	30	5	3.492
365	1999	12	31	12.5	4.172
1	2000	1	1	0	5.012
2	2000	1	2	0.4	7.273
3	2000	1	3	6.8	7.99
4	2000	1	4	10.1	8.294
5	2000	1	5	0	7.738
6	2000	1	6	3	5.097
7	2000	1	7	0	7.754
8	2000	1	8	1.3	6.695
9	2000	1	9	0	6.613
10	2000	1	10	0	4.119
11	2000	1	11	0	1.212
12	2000	1	12	0	1.052
13	2000	1	13	1	-0.268
14	2000	1	14	0	1.385
15	2000	1	15	1.3	2.452
16	2000	1	16	0.7	2.664
17	2000	1	17	0.8	4.148
18	2000	1	18	0	5.665
19	2000	1	19	0	6.445
20	2000	1	20	1.6	4.177
21	2000	1	21	6.4	3.799
22	2000	1	22	2.1	5.073
23	2000	1	23	0	4.551
24	2000	1	24	0	2.139
25	2000	1	25	0	-2.459
26	2000	1	26	0	0.024
27	2000	1	27	0	1.251
28	2000	1	28	7.1	0.383
29	2000	1	29	7.4	1.588
30	2000	1	30	1.2	8.528
31	2000	1	31	0	9.945
32	2000	2	1	7.2	10.349
33	2000	2	2	0.3	8.707
34	2000	2	3	0	6.578
35	2000	2	4	3.1	6.313
36	2000	2	5	0	7.514
37	2000	2	6	3.2	8.65
38	2000	2	7	6.3	8.19
39	2000	2	8	9.8	7.964
40	2000	2	9	0.3	9.254
41	2000	2	10	9.1	6.476
42	2000	2	11	0	6.161
43	2000	2	12	2.5	4.732
44	2000	2	13	0	4.87
45	2000	2	14	8.3	6.038
46	2000	2	15	4.1	4.767
47	2000	2	16	7.2	7.083
48	2000	2	17	4.2	3.441
49	2000	2	18	5.8	3.392
50	2000	2	19	1	5.389
51	2000	2	20	0	5.067
52	2000	2	21	0	3.298
53	2000	2	22	0	2.995
54	2000	2	23	3.5	4.023
55	2000	2	24	14	6.096
56	2000	2	25	0	8.088
57	2000	2	26	0	5.972
58	2000	2	27	0	4.304
59	2000	2	28	6.5	7.678
60	2000	2	29	10.8	9.544
61	2000	3	1	1.4	6.708
62	2000	3	2	24.6	5.099
63	2000	3	3	6.4	4.522
64	2000	3	4	2	6.487
65	2000	3	5	0	2.128
66	2000	3	6	0	3.66
67	2000	3	7	3.5	6.406
68	2000	3	8	8.4	9.141
69	2000	3	9	0	10.728
70	2000	3	10	0.1	11.21
71	2000	3	11	0	8.251
72	2000	3	12	0	8.525
73	2000	3	13	0.3	7.568
74	2000	3	14	3.4	7.788
75	2000	3	15	0	8.421
76	2000	3	16	0	5.916
77	2000	3	17	0.4	8.07
78	2000	3	18	3.8	7.528
79	2000	3	19	0	6.668
80	2000	3	20	0	6.205
81	2000	3	21	0	5.445
82	2000	3	22	0	6.505
83	2000	3	23	2	9.02
84	2000	3	24	4.7	11.168
85	2000	3	25	1	10.314
86	2000	3	26	2.5	10.074
87	2000	3	27	0.8	6.031
88	2000	3	28	1	5.582
89	2000	3	29	0	3.812
90	2000	3	30	0	5.358
91	2000	3	31	0.8	6.411
92	2000	4	1	0	6.511
93	2000	4	2	0	6.954
94	2000	4	3	0	10.193
95	2000	4	4	0.9	11.968
96	2000	4	5	0	10.487
97	2000	4	6	0	4.521
98	2000	4	7	0	4.957
99	2000	4	8	0	7.443
100	2000	4	9	0	8.747
101	2000	4	10	0	10.413
102	2000	4	11	3	6.841
103	2000	4	12	9	6.621
104	2000	4	13	6.6	5.396
105	2000	4	14	0.4	5.17
106	2000	4	15	0.4	7.595
107	2000	4	16	2	8.615
108	2000	4	17	0.5	8.932
109	2000	4	18	0	10.397
110	2000	4	19	0	10.936
111	2000	4	20	1.5	11.78
112	2000	4	21	0.4	12.989
113	2000	4	22	11.5	14.19
114	2000	4	23	1.7	13.359
115	2000	4	24	0	10.59
116	2000	4	25	0	11.873
117	2000	4	26	0.4	14.442
118	2000	4	27	0.3	15.301
119	2000	4	28	0	14.545
120	2000	4	29	0.7	16.043
121	2000	4	30	0	11.861
122	2000	5	1	0	13.28
123	2000	5	2	0.8	13.46
124	2000	5	3	1	10.46
125	2000	5	4	0	10.652
126	2000	5	5	0	13.388
127	2000	5	6	0	17.716
128	2000	5	7	13.8	20.368
129	2000	5	8	0	18.258
130	2000	5	9	0	19.627
131	2000	5	10	25.6	20.705
132	2000	5	11	0	18.605
133	2000	5	12	0	18.124
134	2000	5	13	0	18.039
135	2000	5	14	0	18.168
136	2000	5	15	0	20.831
137	2000	5	16	11.1	22.154
138	2000	5	17	1.1	20.79
139	2000	5	18	9	13.554
140	2000	5	19	5	10.881
141	2000	5	20	3.3	9.797
142	2000	5	21	9	11.637
143	2000	5	22	0	10.09
144	2000	5	23	6.6	11.858
145	2000	5	24	11.5	14.183
146	2000	5	25	2.2	14.393
147	2000	5	26	4.8	13.224
148	2000	5	27	11.3	13.898
149	2000	5	28	3.1	12.222
150	2000	5	29	7.9	10.038
151	2000	5	30	0	11.04
152	2000	5	31	0	10.793
153	2000	6	1	0	13.658
154	2000	6	2	0	15.497
155	2000	6	3	13.4	17.016
156	2000	6	4	0	19.07
157	2000	6	5	12.3	16.932
158	2000	6	6	2.8	11.786
159	2000	6	7	0	13.393
160	2000	6	8	0	13.184
161	2000	6	9	0	16.859
162	2000	6	10	0	21.06
163	2000	6	11	0	16.157
164	2000	6	12	0	14.457
165	2000	6	13	0	15.99
166	2000	6	14	1.9	18.13
167	2000	6	15	0	17.446
168	2000	6	16	0	15.716
169	2000	6	17	0	14.66
170	2000	6	18	0	16.229
171	2000	6	19	0	22.209
172	2000	6	20	0	25.845
173	2000	6	21	2	26.36
174	2000	6	22	2.3	20.667
175	2000	6	23	6.5	16.278
176	2000	6	24	33.5	15.124
177	2000	6	25	0.8	11.908
178	2000	6	26	0	12.274
179	2000	6	27	0	12.45
180	2000	6	28	0	13.556
181	2000	6	29	0	12.668
182	2000	6	30	0.3	11.987
183	2000	7	1	0.2	14.723
184	2000	7	2	4	15.552
185	2000	7	3	2.5	19.057
186	2000	7	4	18.5	18.114
187	2000	7	5	2.8	17.155
188	2000	7	6	0	15.291
189	2000	7	7	1.6	16.247
190	2000	7	8	6.3	13.649
191	2000	7	9	8.7	12.503
192	2000	7	10	5.7	13.191
193	2000	7	11	8.6	14.611
194	2000	7	12	5.6	12.063
195	2000	7	13	1.2	12.189
196	2000	7	14	7.2	14.393
197	2000	7	15	2.3	13.645
198	2000	7	16	1	12.492
199	2000	7	17	0.2	12.945
200	2000	7	18	0.1	12.803
201	2000	7	19	0	13.475
202	2000	7	20	0	16.575
203	2000	7	21	0	17.685
204	2000	7	22	0	13.893
205	2000	7	23	0	14.084
206	2000	7	24	24.3	16.331
207	2000	7	25	0.2	17.024
208	2000	7	26	0	14.716
209	2000	7	27	12.9	15.025
210	2000	7	28	3	15.591
211	2000	7	29	14	16.323
212	2000	7	30	0.4	16.423
213	2000	7	31	0	16.853
214	2000	8	1	11.2	18.48
215	2000	8	2	0	21.235
216	2000	8	3	2.3	17.563
217	2000	8	4	0	16.686
218	2000	8	5	0	16.023
219	2000	8	6	0	16.776
220	2000	8	7	0.4	17.596
221	2000	8	8	0	18.085
222	2000	8	9	0	18.339
223	2000	8	10	0	18.868
224	2000	8	11	0	18.257
225	2000	8	12	0	18.58
226	2000	8	13	0	19.274
227	2000	8	14	0	22.883
228	2000	8	15	0	21.526
229	2000	8	16	2	18.611
230	2000	8	17	0.3	18.384
231	2000	8	18	3	18.127
232	2000	8	19	35.2	17.404
233	2000	8	20	3.2	17.866
234	2000	8	21	5.2	17.565
235	2000	8	22	0	14.825
236	2000	8	23	0	15.896
237	2000	8	24	0	16.191
238	2000	8	25	0	16.542
239	2000	8	26	0.6	16.783
240	2000	8	27	1.2	18.733
241	2000	8	28	0	16.676
242	2000	8	29	0	15.396
243	2000	8	30	0	15.303
244	2000	8	31	0	14.823
245	2000	9	1	20.5	15.121
246	2000	9	2	4.5	14.913
247	2000	9	3	1	13.329
248	2000	9	4	0	13.724
249	2000	9	5	1	13.007
250	2000	9	6	2	13.703
251	2000	9	7	0	14.046
252	2000	9	8	0.6	14.474
253	2000	9	9	0	16.41
254	2000	9	10	0	17.169
255	2000	9	11	0	17.762
256	2000	9	12	0	19.512
257	2000	9	13	0.2	17.651
258	2000	9	14	0.1	15.735
259	2000	9	15	14.7	16.626
260	2000	9	16	37.5	16.606
261	2000	9	17	0	14.261
262	2000	9	18	0	14.799
263	2000	9	19	0	14.937
264	2000	9	20	0	17.485
265	2000	9	21	0	14.465
266	2000	9	22	0	15.082
267	2000	9	23	0	16.281
268	2000	9	24	0.5	16.69
269	2000	9	25	1.5	14.579
270	2000	9	26	10	14.703
271	2000	9	27	1.7	17.001
272	2000	9	28	2	15.531
273	2000	9	29	1.1	14.868
274	2000	9	30	2	16.155
275	2000	10	1	2.8	14.363
276	2000	10	2	4.8	12.805
277	2000	10	3	0.4	12.168
278	2000	10	4	0	12.949
279	2000	10	5	6.4	12.339
280	2000	10	6	19.8	11.311
281	2000	10	7	1.3	7.495
282	2000	10	8	3.5	8.02
283	2000	10	9	13.6	9.343
284	2000	10	10	13.5	8.899
285	2000	10	11	3	7.921
286	2000	10	12	0	9.129
287	2000	10	13	0.4	10.429
288	2000	10	14	0	10.702
289	2000	10	15	0.6	8.057
290	2000	10	16	9.2	8.234
291	2000	10	17	0	9.861
292	2000	10	18	12.5	9.624
293	2000	10	19	0.2	8.871
294	2000	10	20	0	11.378
295	2000	10	21	0	11.21
296	2000	10	22	0	14.463
297	2000	10	23	2.8	14.527
298	2000	10	24	0	13.872
299	2000	10	25	1.1	11.335
300	2000	10	26	0.6	11.501
301	2000	10	27	13.3	9.702
302	2000	10	28	3	9.821
303	2000	10	29	2.3	11.972
304	2000	10	30	10	9.372
305	2000	10	31	1.7	9.606
306	2000	11	1	6.4	8.731
307	2000	11	2	3.7	7
308	2000	11	3	0.8	7.089
309	2000	11	4	0	7.641
310	2000	11	5	9	5.793
311	2000	11	6	1.5	5.73
312	2000	11	7	2.2	8.249
313	2000	11	8	2.4	6.686
314	2000	11	9	0	6.77
315	2000	11	10	0.3	6.935
316	2000	11	11	2.4	6.437
317	2000	11	12	9.8	7.964
318	2000	11	13	3.3	8.325
319	2000	11	14	0.2	7.664
320	2000	11	15	0	5.728
321	2000	11	16	3	5.02
322	2000	11	17	6.6	6.416
323	2000	11	18	4.5	4.238
324	2000	11	19	7.5	5.689
325	2000	11	20	1.3	8.166
326	2000	11	21	4	4.882
327	2000	11	22	4.3	5.302
328	2000	11	23	3	8.674
329	2000	11	24	2.4	8.38
330	2000	11	25	14	7.094
331	2000	11	26	0.2	7.272
332	2000	11	27	11.6	7.645
333	2000	11	28	0	6.482
334	2000	11	29	0	12.014
335	2000	11	30	0	12.347
336	2000	12	1	2.4	10.248
337	2000	12	2	9.2	11.652
338	2000	12	3	0	10.598
339	2000	12	4	1	8.387
340	2000	12	5	0.1	7.138
341	2000	12	6	3	10.02
342	2000	12	7	2.4	11.632
343	2000	12	8	0.8	10.058
344	2000	12	9	3	12.901
345	2000	12	10	10.8	9.867
346	2000	12	11	9.8	9.736
347	2000	12	12	2.5	12.201
348	2000	12	13	6.5	12.954
349	2000	12	14	4.7	10.565
350	2000	12	15	10	7.855
351	2000	12	16	0	5.264
352	2000	12	17	0	4.008
353	2000	12	18	0.6	3.119
354	2000	12	19	0	3.178
355	2000	12	20	0	5.369
356	2000	12	21	0	2.837
357	2000	12	22	0	1.002
358	2000	12	23	0	-1.381
359	2000	12	24	2	0.934
360	2000	12	25	1.8	-0.276
361	2000	12	26	2	-0.245
362	2000	12	27	3.5	-2.014
363	2000	12	28	0	-0.94
364	2000	12	29	1	1.107
365	2000	12	30	0	9.969
366	2000	12	31	2.5	7.764
1	2001	1	1	0	0.29
2	2001	1	2	7	1.839
3	2001	1	3	12	1.236
4	2001	1	4	3	4.999
5	2001	1	5	0	9.631
6	2001	1	6	3.1	7.329
7	2001	1	7	5	7.832
8	2001	1	8	4.7	8.049
9	2001	1	9	0	6.423
10	2001	1	10	0	5.571
11	2001	1	11	0	3.874
12	2001	1	12	8	4.212
13	2001	1	13	2	1.869
14	2001	1	14	1.6	1.962
15	2001	1	15	2.9	0.737
16	2001	1	16	12.9	0.017
17	2001	1	17	0.3	-0.676
18	2001	1	18	0	-1.561
19	2001	1	19	1.3	-1.789
20	2001	1	20	1.6	-3.027
21	2001	1	21	2.6	-1.942
22	2001	1	22	1	-0.424
23	2001	1	23	0.8	-0.057
24	2001	1	24	1.5	-0.722
25	2001	1	25	5.6	5.433
26	2001	1	26	7.6	8.161
27	2001	1	27	4.4	9.433
28	2001	1	28	5	6.403
29	2001	1	29	0	5.693
30	2001	1	30	0	4.407
31	2001	1	31	0	3.646
32	2001	2	1	0.2	3.798
33	2001	2	2	8	2.952
34	2001	2	3	7	1.094
35	2001	2	4	14	-1.408
36	2001	2	5	4	0
37	2001	2	6	1	5.116
38	2001	2	7	6	7.108
39	2001	2	8	5	9.471
40	2001	2	9	0	11.702
41	2001	2	10	0.5	10.502
42	2001	2	11	0	9.238
43	2001	2	12	9.3	4.397
44	2001	2	13	0	3.431
45	2001	2	14	0	9.786
46	2001	2	15	0	10.879
47	2001	2	16	0.9	6.204
48	2001	2	17	0	3.32
49	2001	2	18	0	6.996
50	2001	2	19	0	4.196
51	2001	2	20	0	4.579
52	2001	2	21	6.1	4.146
53	2001	2	22	3.2	4.72
54	2001	2	23	3.5	4.979
55	2001	2	24	3	6.264
56	2001	2	25	2	5.865
57	2001	2	26	0	2.852
58	2001	2	27	0.5	-0.861
59	2001	2	28	1	-0.151
60	2001	3	1	0.2	1.272
61	2001	3	2	0.3	2.1
62	2001	3	3	0.4	4.247
63	2001	3	4	1	2.687
64	2001	3	5	0	1.242
65	2001	3	6	5	-0.611
66	2001	3	7	0.3	1.017
67	2001	3	8	5	2.273
68	2001	3	9	1.5	4.187
69	2001	3	10	4.5	9.764
70	2001	3	11	5	9.489
71	2001	3	12	3.5	9.536
72	2001	3	13	9.1	10.515
73	2001	3	14	2	11.716
74	2001	3	15	1.8	9.214
75	2001	3	16	0	5.652
76	2001	3	17	7.5	6.454
77	2001	3	18	11.1	8.115
78	2001	3	19	0.6	8.394
79	2001	3	20	1.5	6.243
80	2001	3	21	7.4	4.364
81	2001	3	22	4.8	2.895
82	2001	3	23	9.3	2.338
83	2001	3	24	1	3.604
84	2001	3	25	0	5.049
85	2001	3	26	0	8.906
86	2001	3	27	1.3	8.419
87	2001	3	28	10.4	2.847
88	2001	3	29	5	3.323
89	2001	3	30	0	4.883
90	2001	3	31	0	7.527
91	2001	4	1	0	6.928
92	2001	4	2	0	7.568
93	2001	4	3	0.2	9.334
94	2001	4	4	7.3	13.208
95	2001	4	5	6.5	15.943
96	2001	4	6	1.4	12.627
97	2001	4	7	0.3	9.009
98	2001	4	8	0	7.46
99	2001	4	9	2.7	11.392
100	2001	4	10	5.6	9.069
101	2001	4	11	0.5	7.369
102	2001	4	12	0	8.473
103	2001	4	13	0	8.992
104	2001	4	14	19.8	8.263
105	2001	4	15	4.1	5.779
106	2001	4	16	2.1	3.973
107	2001	4	17	3.7	2.613
108	2001	4	18	2.6	8.03
109	2001	4	19	2.5	6.511
110	2001	4	20	0.4	6.193
111	2001	4	21	0	5.309
112	2001	4	22	0	3.543
113	2001	4	23	0	3.871
114	2001	4	24	2.4	5.616
115	2001	4	25	2.1	7.187
116	2001	4	26	11.8	9.246
117	2001	4	27	2.3	10.442
118	2001	4	28	2	10.698
119	2001	4	29	0	10.459
120	2001	4	30	1.3	9.903
121	2001	5	1	0	11.249
122	2001	5	2	8	12.519
123	2001	5	3	1.9	12.436
124	2001	5	4	0	11.415
125	2001	5	5	0	13.769
126	2001	5	6	0	13.492
127	2001	5	7	0	8.074
128	2001	5	8	0	7.974
129	2001	5	9	0	9.867
130	2001	5	10	0	11.853
131	2001	5	11	0	11.047
132	2001	5	12	0	16.767
133	2001	5	13	0	20.152
134	2001	5	14	1.3	20.07
135	2001	5	15	2.6	19.059
136	2001	5	16	3.8	20.002
137	2001	5	17	2.7	13.592
138	2001	5	18	2	13.958
139	2001	5	19	0	13.845
140	2001	5	20	0	11.923
141	2001	5	21	0	10.471
142	2001	5	22	0	12.019
143	2001	5	23	0	12.492
144	2001	5	24	0	12.846
145	2001	5	25	0	13.872
146	2001	5	26	0	16.872
147	2001	5	27	0	17.417
148	2001	5	28	0	15.94
149	2001	5	29	0	17.833
150	2001	5	30	0	16.306
151	2001	5	31	0	18.957
152	2001	6	1	7	17.181
153	2001	6	2	9.5	17.276
154	2001	6	3	0.7	13.765
155	2001	6	4	0.4	12.487
156	2001	6	5	1	10.875
157	2001	6	6	0.5	8.829
158	2001	6	7	0.4	11.762
159	2001	6	8	0	15.747
160	2001	6	9	0	15.317
161	2001	6	10	5	12.582
162	2001	6	11	0	12.146
163	2001	6	12	0	12.352
164	2001	6	13	0	12.013
165	2001	6	14	0	12.347
166	2001	6	15	0	13.325
167	2001	6	16	9	14.339
168	2001	6	17	9	16.265
169	2001	6	18	0	17.848
170	2001	6	19	0	14.894
171	2001	6	20	0	13.797
172	2001	6	21	0	12.017
173	2001	6	22	0	13.889
174	2001	6	23	0	17.122
175	2001	6	24	0	14.453
176	2001	6	25	0	13.709
177	2001	6	26	0.5	15.634
178	2001	6	27	0	19.878
179	2001	6	28	0	20.248
180	2001	6	29	0	22.347
181	2001	6	30	0.6	19.568
182	2001	7	1	0	17.864
183	2001	7	2	0	19.316
184	2001	7	3	0	19.479
185	2001	7	4	0	18.28
186	2001	7	5	1.3	18.842
187	2001	7	6	7.4	21.149
188	2001	7	7	9	22.704
189	2001	7	8	0.2	24.47
190	2001	7	9	0.3	22.309
191	2001	7	10	4.8	19.007
192	2001	7	11	0.3	16.296
193	2001	7	12	3	16.773
194	2001	7	13	0	17.204
195	2001	7	14	7.3	16.108
196	2001	7	15	0	15.139
197	2001	7	16	0	15.605
198	2001	7	17	14.7	13.703
199	2001	7	18	8.2	14.374
200	2001	7	19	8.4	15.813
201	2001	7	20	2.8	16.803
202	2001	7	21	1	14.67
203	2001	7	22	103	15.119
204	2001	7	23	1	14.749
205	2001	7	24	0	14.931
206	2001	7	25	0	19.364
207	2001	7	26	0	17.994
208	2001	7	27	0.3	19.435
209	2001	7	28	0	20.165
210	2001	7	29	0	22.153
211	2001	7	30	0	22.57
212	2001	7	31	0	20.85
213	2001	8	1	0	20.916
214	2001	8	2	8.7	23.015
215	2001	8	3	1.7	19.905
216	2001	8	4	1.8	17.404
217	2001	8	5	1.1	19.124
218	2001	8	6	0	19.046
219	2001	8	7	15.3	17.006
220	2001	8	8	0.5	16.436
221	2001	8	9	2.6	17.548
222	2001	8	10	14.2	17.404
223	2001	8	11	0.3	16.34
224	2001	8	12	0	14.979
225	2001	8	13	0	14.159
226	2001	8	14	0	16.231
227	2001	8	15	0	18.395
228	2001	8	16	0	19.697
229	2001	8	17	0.3	22.627
230	2001	8	18	13	24.822
231	2001	8	19	0.3	20.059
232	2001	8	20	0	17.935
233	2001	8	21	0	20.202
234	2001	8	22	0	18.935
235	2001	8	23	0	18.057
236	2001	8	24	0	19.555
237	2001	8	25	0	21.254
238	2001	8	26	2.6	23.252
239	2001	8	27	0	25.189
240	2001	8	28	0	25.96
241	2001	8	29	0	23.791
242	2001	8	30	2.9	17.324
243	2001	8	31	5.6	15.784
244	2001	9	1	0.6	15.788
245	2001	9	2	5.3	14.149
246	2001	9	3	10.7	14.834
247	2001	9	4	11.8	15.495
248	2001	9	5	16.8	14.668
249	2001	9	6	1.2	15.678
250	2001	9	7	3.5	13.192
251	2001	9	8	5.3	13.586
252	2001	9	9	19.4	15.036
253	2001	9	10	1	14.915
254	2001	9	11	2.5	14.05
255	2001	9	12	6.1	10.568
256	2001	9	13	2.1	11.937
257	2001	9	14	2.7	12.397
258	2001	9	15	19.2	14.921
259	2001	9	16	6	13.323
260	2001	9	17	18.5	12.184
261	2001	9	18	0.4	11.904
262	2001	9	19	30	10.143
263	2001	9	20	2.5	10.735
264	2001	9	21	0	10.812
265	2001	9	22	4.3	10.712
266	2001	9	23	0.4	12.834
267	2001	9	24	0	12.794
268	2001	9	25	0	12.073
269	2001	9	26	24	12.119
270	2001	9	27	0.7	12.714
271	2001	9	28	0	11.518
272	2001	9	29	4.3	11.764
273	2001	9	30	3	15.311
274	2001	10	1	12.4	15.376
275	2001	10	2	10	14.137
276	2001	10	3	0.3	15.405
277	2001	10	4	0	16.587
278	2001	10	5	0	16.678
279	2001	10	6	20.5	15.09
280	2001	10	7	3.2	13.684
281	2001	10	8	0	13.781
282	2001	10	9	1.4	15.337
283	2001	10	10	0	15.07
284	2001	10	11	0	14.505
285	2001	10	12	0	13.931
286	2001	10	13	0	13.463
287	2001	10	14	0	14.547
288	2001	10	15	0.7	14.811
289	2001	10	16	0	17.794
290	2001	10	17	0	16.62
291	2001	10	18	2	17.12
292	2001	10	19	0.4	14.333
293	2001	10	20	0.7	13.585
294	2001	10	21	0	14.426
295	2001	10	22	0.8	15.229
296	2001	10	23	6.2	15.897
297	2001	10	24	2.2	14.336
298	2001	10	25	0	12.887
299	2001	10	26	2	12.36
300	2001	10	27	6	11.428
301	2001	10	28	4.5	13.221
302	2001	10	29	0	12.317
303	2001	10	30	0	13.039
304	2001	10	31	3.6	11.523
305	2001	11	1	0	11.535
306	2001	11	2	0	14.951
307	2001	11	3	0	12.417
308	2001	11	4	0	9.588
309	2001	11	5	2.4	9.72
310	2001	11	6	1.6	9.784
311	2001	11	7	21	9.577
312	2001	11	8	10	9.143
313	2001	11	9	0	9.486
314	2001	11	10	0	10.075
315	2001	11	11	0	6.631
316	2001	11	12	5.6	3.511
317	2001	11	13	0	2.189
318	2001	11	14	0	4.38
319	2001	11	15	0	8.777
320	2001	11	16	0.3	5.718
321	2001	11	17	0	4.262
322	2001	11	18	0	0.685
323	2001	11	19	0	5.406
324	2001	11	20	0	6.715
325	2001	11	21	10	5.435
326	2001	11	22	4.2	6.094
327	2001	11	23	1.5	7.193
328	2001	11	24	3.2	8.093
329	2001	11	25	11.3	7.034
330	2001	11	26	0.2	4.62
331	2001	11	27	2	6.92
332	2001	11	28	0	10.648
333	2001	11	29	23	7.341
334	2001	11	30	11.5	5.023
335	2001	12	1	1	6.94
336	2001	12	2	5	8.521
337	2001	12	3	0.5	12.911
338	2001	12	4	3	12.987
339	2001	12	5	2	6.923
340	2001	12	6	0	9.795
341	2001	12	7	0	9.119
342	2001	12	8	0	7.918
343	2001	12	9	0	8.474
344	2001	12	10	0	3.597
345	2001	12	11	0	0.645
346	2001	12	12	0	-0.002
347	2001	12	13	0	0.614
348	2001	12	14	0	3.87
349	2001	12	15	0	3.797
350	2001	12	16	0	2.339
351	2001	12	17	1.2	-3.524
352	2001	12	18	0.5	-2.011
353	2001	12	19	1.5	-0.028
354	2001	12	20	0	-0.642
355	2001	12	21	23	2.882
356	2001	12	22	5	4.743
357	2001	12	23	0	2.654
358	2001	12	24	10.5	3.684
359	2001	12	25	4	1.452
360	2001	12	26	14	-2.194
361	2001	12	27	5	2.4
362	2001	12	28	0.8	5.956
363	2001	12	29	1.2	1.283
364	2001	12	30	8	2.543
365	2001	12	31	12.5	4.172
1	2002	1	1	1.9	6.828
2	2002	1	2	0	2.284
3	2002	1	3	2	0.591
4	2002	1	4	0	-1.673
5	2002	1	5	0	-1.768
6	2002	1	6	0	-2.982
7	2002	1	7	0	-1.694
8	2002	1	8	0	-2.909
9	2002	1	9	2.5	-0.531
10	2002	1	10	36	1.326
11	2002	1	11	1.2	3.19
12	2002	1	12	0.2	2.416
13	2002	1	13	0.1	2.092
14	2002	1	14	0	1.465
15	2002	1	15	11.5	2.896
16	2002	1	16	0.9	3.319
17	2002	1	17	6.9	2.985
18	2002	1	18	1.2	4.112
19	2002	1	19	1.6	4.119
20	2002	1	20	14.2	4.615
21	2002	1	21	1.5	5.038
22	2002	1	22	0	4.4
23	2002	1	23	0	7.827
24	2002	1	24	0	8.267
25	2002	1	25	15	10.808
26	2002	1	26	5	7.546
27	2002	1	27	0	6.804
28	2002	1	28	0	8.735
29	2002	1	29	0	5.64
30	2002	1	30	0	10.669
31	2002	1	31	0	10.921
32	2002	2	1	0	11.873
33	2002	2	2	0.2	8.886
34	2002	2	3	11	9.937
35	2002	2	4	0	9.27
36	2002	2	5	10.7	10.444
37	2002	2	6	8.5	12.027
38	2002	2	7	17.5	11.343
39	2002	2	8	20	8.671
40	2002	2	9	0	10.305
41	2002	2	10	0.5	6.946
42	2002	2	11	0	6.189
43	2002	2	12	0	9.718
44	2002	2	13	0	10.439
45	2002	2	14	1.2	8.407
46	2002	2	15	0.4	10.519
47	2002	2	16	2	11.24
48	2002	2	17	0	7.954
49	2002	2	18	0	2.977
50	2002	2	19	0	1.112
51	2002	2	20	0	2.612
52	2002	2	21	0	2.47
53	2002	2	22	0	4.72
54	2002	2	23	0	6.688
55	2002	2	24	0	7.212
56	2002	2	25	13	3.958
57	2002	2	26	1.7	7.328
58	2002	2	27	0	4.848
59	2002	2	28	3.6	3.589
60	2002	3	1	1.5	8.9
61	2002	3	2	0	10.032
62	2002	3	3	0	5.902
63	2002	3	4	0	4.731
64	2002	3	5	0	4.168
65	2002	3	6	0	2.446
66	2002	3	7	1	4.655
67	2002	3	8	20	7.299
68	2002	3	9	3.5	6.947
69	2002	3	10	3.7	7.128
70	2002	3	11	1.5	9.866
71	2002	3	12	1.6	8.019
72	2002	3	13	17.3	8.108
73	2002	3	14	6.6	6.969
74	2002	3	15	18.5	9.09
75	2002	3	16	0.8	8.201
76	2002	3	17	3	4.773
77	2002	3	18	0.5	1.896
78	2002	3	19	2.5	5.742
79	2002	3	20	0	10.302
80	2002	3	21	0	9.516
81	2002	3	22	0	9.232
82	2002	3	23	0	8.847
83	2002	3	24	0	9.938
84	2002	3	25	0	10.683
85	2002	3	26	2.2	7.777
86	2002	3	27	2.8	5.005
87	2002	3	28	18	3.794
88	2002	3	29	0.4	4.565
89	2002	3	30	0	5.511
90	2002	3	31	73.5	5.052
91	2002	4	1	53.5	6.635
92	2002	4	2	0	8.554
93	2002	4	3	0	9.98
94	2002	4	4	0	9.629
95	2002	4	5	0	11.972
96	2002	4	6	0	13.99
97	2002	4	7	0	13.929
98	2002	4	8	1	12.046
99	2002	4	9	0	9.329
100	2002	4	10	0	5.431
101	2002	4	11	0	5.97
102	2002	4	12	0	7.162
103	2002	4	13	0	6.299
104	2002	4	14	0	6.231
105	2002	4	15	2	6.559
106	2002	4	16	3.5	7.046
107	2002	4	17	0	6.243
108	2002	4	18	1.2	5.223
109	2002	4	19	2.8	5.15
110	2002	4	20	0	6.865
111	2002	4	21	0	8.448
112	2002	4	22	0	8.718
113	2002	4	23	0	7.863
114	2002	4	24	0	8.68
115	2002	4	25	0	11.569
116	2002	4	26	0	14.038
117	2002	4	27	0	12.702
118	2002	4	28	0	12.827
119	2002	4	29	0	9.244
120	2002	4	30	4.2	7.872
121	2002	5	1	0	8.21
122	2002	5	2	3.4	9.482
123	2002	5	3	4.5	8.354
124	2002	5	4	2	10.375
125	2002	5	5	0	10.14
126	2002	5	6	0	8.127
127	2002	5	7	0	8.777
128	2002	5	8	0	7.384
129	2002	5	9	0	7.047
130	2002	5	10	0	9.52
131	2002	5	11	3.2	11.922
132	2002	5	12	0.7	12.756
133	2002	5	13	2.8	14.14
134	2002	5	14	0	11.87
135	2002	5	15	0.5	11.747
136	2002	5	16	0	10.416
137	2002	5	17	0	14.714
138	2002	5	18	0	12.269
139	2002	5	19	0	13.535
140	2002	5	20	3	16.703
141	2002	5	21	1	17.558
142	2002	5	22	3.5	14.841
143	2002	5	23	0.4	13.779
144	2002	5	24	3.5	15.635
145	2002	5	25	2	18.082
146	2002	5	26	7.5	14.508
147	2002	5	27	2.2	13.914
148	2002	5	28	1	10.986
149	2002	5	29	3	11.664
150	2002	5	30	4.4	11.404
151	2002	5	31	2.2	12.228
152	2002	6	1	0	12.661
153	2002	6	2	6	11.541
154	2002	6	3	13.5	12.243
155	2002	6	4	2.2	12.57
156	2002	6	5	0	13.694
157	2002	6	6	0.4	17.135
158	2002	6	7	1.5	16.463
159	2002	6	8	0	16.424
160	2002	6	9	4.3	16.825
161	2002	6	10	16.2	14.137
162	2002	6	11	6	13.019
163	2002	6	12	1	14.803
164	2002	6	13	0.3	14.829
165	2002	6	14	20.4	11.693
166	2002	6	15	9.8	12.244
167	2002	6	16	29.5	14.221
168	2002	6	17	0.5	12.772
169	2002	6	18	13	17.37
170	2002	6	19	0	16.277
171	2002	6	20	4.5	17.953
172	2002	6	21	4.5	23.804
173	2002	6	22	0	20.888
174	2002	6	23	0	16.159
175	2002	6	24	1	14.041
176	2002	6	25	0	14.933
177	2002	6	26	0	17.099
178	2002	6	27	0	15.024
179	2002	6	28	1	15.175
180	2002	6	29	0	15.88
181	2002	6	30	0.4	16.359
182	2002	7	1	3.5	13.493
183	2002	7	2	0	11.715
184	2002	7	3	8	12.906
185	2002	7	4	0	14.097
186	2002	7	5	1	12.068
187	2002	7	6	3.5	12.649
188	2002	7	7	0.5	12.425
189	2002	7	8	0	13.845
190	2002	7	9	11.5	14.106
191	2002	7	10	1.5	14.39
192	2002	7	11	0.5	15.023
193	2002	7	12	3.7	17.847
194	2002	7	13	0.2	18.944
195	2002	7	14	0	13.451
196	2002	7	15	0	13.744
197	2002	7	16	0	15.288
198	2002	7	17	0	14.832
199	2002	7	18	0	15.296
200	2002	7	19	0	16.87
201	2002	7	20	0	18.463
202	2002	7	21	1.5	17.146
203	2002	7	22	2	14.571
204	2002	7	23	19.5	14.305
205	2002	7	24	6	15.383
206	2002	7	25	1	13.984
207	2002	7	26	0	15.052
208	2002	7	27	0	15.485
209	2002	7	28	1	15.467
210	2002	7	29	16.5	15.861
211	2002	7	30	10	17.637
212	2002	7	31	1	19.863
213	2002	8	1	1.5	22.841
214	2002	8	2	3	23.98
215	2002	8	3	13.5	23.127
216	2002	8	4	7.6	18.41
217	2002	8	5	2	15.569
218	2002	8	6	33.5	17.587
219	2002	8	7	19	14.49
220	2002	8	8	0.5	14.652
221	2002	8	9	0	14.686
222	2002	8	10	0	15.415
223	2002	8	11	0	16.555
224	2002	8	12	0	16.73
225	2002	8	13	0	16.713
226	2002	8	14	0	16.02
227	2002	8	15	0	16.866
228	2002	8	16	0	15.881
229	2002	8	17	0	17.48
230	2002	8	18	0.5	19.539
231	2002	8	19	0	21.068
232	2002	8	20	0	22.06
233	2002	8	21	0.4	22.214
234	2002	8	22	0	22.515
235	2002	8	23	6.4	20.693
236	2002	8	24	0.8	17.355
237	2002	8	25	3	15.783
238	2002	8	26	2.5	14.932
239	2002	8	27	0.5	15.066
240	2002	8	28	9.6	14.096
241	2002	8	29	0.8	15.509
242	2002	8	30	3	16.503
243	2002	8	31	5	18.448
244	2002	9	1	2.9	18.533
245	2002	9	2	2.8	17.785
246	2002	9	3	44	16.479
247	2002	9	4	3.5	15.339
248	2002	9	5	1.6	14.25
249	2002	9	6	0.5	15.503
250	2002	9	7	2	14.901
251	2002	9	8	0	15.384
252	2002	9	9	0	15.987
253	2002	9	10	0	15.319
254	2002	9	11	0	15.896
255	2002	9	12	6.7	15.983
256	2002	9	13	10.5	16.02
257	2002	9	14	0.5	13.717
258	2002	9	15	6.8	13.261
259	2002	9	16	1	15.042
260	2002	9	17	2.6	15.127
261	2002	9	18	2.1	14.557
262	2002	9	19	8.5	15.052
263	2002	9	20	4.5	13.358
264	2002	9	21	0.5	13.761
265	2002	9	22	0	13.66
266	2002	9	23	0	13.01
267	2002	9	24	0	13.717
268	2002	9	25	0.7	12.732
269	2002	9	26	0.7	11.317
270	2002	9	27	25	11.261
271	2002	9	28	10	9.363
272	2002	9	29	3	11.767
273	2002	9	30	12	11.505
274	2002	10	1	6.5	12.527
275	2002	10	2	9	11.697
276	2002	10	3	17.5	12.655
277	2002	10	4	6	12.445
278	2002	10	5	2.6	13.094
279	2002	10	6	9	14.306
280	2002	10	7	2	13.924
281	2002	10	8	0	12.522
282	2002	10	9	0	11.645
283	2002	10	10	0	11.183
284	2002	10	11	0	8.3
285	2002	10	12	2.6	7.317
286	2002	10	13	0	7.683
287	2002	10	14	2	8.467
288	2002	10	15	0	6.306
289	2002	10	16	0	7.018
290	2002	10	17	0	9.029
291	2002	10	18	9.5	10.017
292	2002	10	19	2.5	10.598
293	2002	10	20	4.5	11.199
294	2002	10	21	0.5	9.079
295	2002	10	22	0	6.764
296	2002	10	23	2	6.458
297	2002	10	24	12	6.614
298	2002	10	25	5	10.007
299	2002	10	26	8	12.785
300	2002	10	27	0	9.36
301	2002	10	28	0	7.761
302	2002	10	29	0	11.007
303	2002	10	30	0	10.872
304	2002	10	31	0.7	12.504
305	2002	11	1	0	11.163
306	2002	11	2	0	8.657
307	2002	11	3	0	8.279
308	2002	11	4	0	7.664
309	2002	11	5	0	6.64
310	2002	11	6	0	5.695
311	2002	11	7	0	8.194
312	2002	11	8	0	6.389
313	2002	11	9	0	9.711
314	2002	11	10	0	9.059
315	2002	11	11	0	8.707
316	2002	11	12	0	10.037
317	2002	11	13	0	7.281
318	2002	11	14	2.2	5.706
319	2002	11	15	10.3	7.535
320	2002	11	16	1	6.194
321	2002	11	17	0.5	6.073
322	2002	11	18	0.9	6.097
323	2002	11	19	2.8	9.921
324	2002	11	20	0.2	7.712
325	2002	11	21	0	7.175
326	2002	11	22	0	7.027
327	2002	11	23	0	5.532
328	2002	11	24	0	6.693
329	2002	11	25	0	4.752
330	2002	11	26	6.5	6.023
331	2002	11	27	7	7.486
332	2002	11	28	1	6.754
333	2002	11	29	6.2	6.285
334	2002	11	30	1.7	6.581
335	2002	12	1	4.2	3.718
336	2002	12	2	7.4	3.661
337	2002	12	3	0	4.575
338	2002	12	4	0.7	1.611
339	2002	12	5	8	-0.319
340	2002	12	6	2.8	-1.868
341	2002	12	7	0	-4.707
342	2002	12	8	0	-5.383
343	2002	12	9	0.5	-4.775
344	2002	12	10	0.2	-1.803
345	2002	12	11	0.7	-0.85
346	2002	12	12	0	2.028
347	2002	12	13	0	3.796
348	2002	12	14	4	5.031
349	2002	12	15	0	1.649
350	2002	12	16	0	-0.477
351	2002	12	17	0	0.284
352	2002	12	18	0	-0.47
353	2002	12	19	0	3.003
354	2002	12	20	0	7.674
355	2002	12	21	2.5	6.102
356	2002	12	22	4.5	9.32
357	2002	12	23	0	8.831
358	2002	12	24	3	9.05
359	2002	12	25	19.4	8.726
360	2002	12	26	21.1	7.169
361	2002	12	27	0	3.931
362	2002	12	28	1	2.543
363	2002	12	29	0	3.974
364	2002	12	30	5	3.492
365	2002	12	31	12.5	4.172
1	2003	1	1	0	7.989
2	2003	1	2	15.2	10.039
3	2003	1	3	9	8.141
4	2003	1	4	0	7.726
5	2003	1	5	0.5	9.299
6	2003	1	6	0	0.188
7	2003	1	7	0	5.738
8	2003	1	8	0	9.893
9	2003	1	9	0	7.215
10	2003	1	10	0	0.09
11	2003	1	11	0	-1.719
12	2003	1	12	2	-0.693
13	2003	1	13	0	-3.373
14	2003	1	14	0	-4.728
15	2003	1	15	3.5	-5.253
16	2003	1	16	0.5	-3.2
17	2003	1	17	0.5	-2.879
18	2003	1	18	0	-1.098
19	2003	1	19	2.6	5.754
20	2003	1	20	4.5	6.906
21	2003	1	21	2	5.267
22	2003	1	22	2.5	5.227
23	2003	1	23	1	2.899
24	2003	1	24	0	4.237
25	2003	1	25	2.5	5.504
26	2003	1	26	7	7.456
27	2003	1	27	4	7.822
28	2003	1	28	4.7	6.955
29	2003	1	29	4.5	6.065
30	2003	1	30	3	2.571
31	2003	1	31	0.5	4.292
32	2003	2	1	4.5	5.769
33	2003	2	2	6	9.536
34	2003	2	3	0.5	6.008
35	2003	2	4	7.5	4.196
36	2003	2	5	0	1.35
37	2003	2	6	1	-2.119
38	2003	2	7	0.8	-1.486
39	2003	2	8	0.4	3.284
40	2003	2	9	0	3.442
41	2003	2	10	0	1.997
42	2003	2	11	0	2.67
43	2003	2	12	0	2.366
44	2003	2	13	0	4.903
45	2003	2	14	0	6.642
46	2003	2	15	0	6.491
47	2003	2	16	0	1.846
48	2003	2	17	0	2.026
49	2003	2	18	0	0.548
50	2003	2	19	0	-1.467
51	2003	2	20	0	-1.058
52	2003	2	21	0	-0.711
53	2003	2	22	0	-1.414
54	2003	2	23	0	-1.55
55	2003	2	24	0	-0.952
56	2003	2	25	0	1.293
57	2003	2	26	0	1.953
58	2003	2	27	0	1.62
59	2003	2	28	5	2.939
60	2003	3	1	4.5	5.846
61	2003	3	2	15	6.865
62	2003	3	3	0	5.92
63	2003	3	4	2.4	7.256
64	2003	3	5	0.4	10.168
65	2003	3	6	0.6	9.153
66	2003	3	7	1.8	9.471
67	2003	3	8	0.5	7.936
68	2003	3	9	0	6.333
69	2003	3	10	3	7.242
70	2003	3	11	13.4	10.606
71	2003	3	12	0	7.5
72	2003	3	13	0	6.574
73	2003	3	14	0	8.543
74	2003	3	15	0	9.99
75	2003	3	16	0	10.507
76	2003	3	17	0	10.342
77	2003	3	18	0	7.826
78	2003	3	19	0	5.547
79	2003	3	20	0	4.983
80	2003	3	21	0	5.29
81	2003	3	22	0	5.283
82	2003	3	23	0	5.391
83	2003	3	24	0	5.455
84	2003	3	25	0	5.014
85	2003	3	26	0	4.141
86	2003	3	27	0	5.207
87	2003	3	28	0	6.324
88	2003	3	29	0	7.947
89	2003	3	30	0	11.148
90	2003	3	31	0	10.275
91	2003	4	1	11	10.033
92	2003	4	2	4.2	9.98
93	2003	4	3	0	11.712
94	2003	4	4	0	11.928
95	2003	4	5	0	10.145
96	2003	4	6	0	7.207
97	2003	4	7	0	8.249
98	2003	4	8	0	5.882
99	2003	4	9	0.5	5.71
100	2003	4	10	0	6.752
101	2003	4	11	0	8.327
102	2003	4	12	0	6.248
103	2003	4	13	0	2.88
104	2003	4	14	0	2.888
105	2003	4	15	0	3.2
106	2003	4	16	0	2.891
107	2003	4	17	0	4.632
108	2003	4	18	0	7.493
109	2003	4	19	0	11.437
110	2003	4	20	0	14.709
111	2003	4	21	3	16.065
112	2003	4	22	0	16.753
113	2003	4	23	0	15.646
114	2003	4	24	0	13.398
115	2003	4	25	1.2	8.768
116	2003	4	26	25	11.253
117	2003	4	27	2	13.964
118	2003	4	28	2.2	11.874
119	2003	4	29	0	11.401
120	2003	4	30	5	14.19
121	2003	5	1	0.7	15.661
122	2003	5	2	4	12.906
123	2003	5	3	0	11.851
124	2003	5	4	0.5	15.299
125	2003	5	5	15.2	14.594
126	2003	5	6	0	12.805
127	2003	5	7	0	11.978
128	2003	5	8	0.5	12.956
129	2003	5	9	0	12.54
130	2003	5	10	0	16.537
131	2003	5	11	10	16.183
132	2003	5	12	6.2	12.97
133	2003	5	13	9.5	12.622
134	2003	5	14	1.5	13.919
135	2003	5	15	0.6	12.36
136	2003	5	16	0	12.795
137	2003	5	17	2.5	13.705
138	2003	5	18	6.5	12.054
139	2003	5	19	14	9.805
140	2003	5	20	8.5	8.988
141	2003	5	21	5.5	9.162
142	2003	5	22	2	11.758
143	2003	5	23	3.5	13.888
144	2003	5	24	2.5	13.935
145	2003	5	25	0.5	12.523
146	2003	5	26	0	12.014
147	2003	5	27	0	12.457
148	2003	5	28	0	14.37
149	2003	5	29	0	14.629
150	2003	5	30	0	13.56
151	2003	5	31	0	12.885
152	2003	6	1	0	13.751
153	2003	6	2	0	15.833
154	2003	6	3	0	17.249
155	2003	6	4	0	19.341
156	2003	6	5	0.5	20.096
157	2003	6	6	0	19.56
158	2003	6	7	0	21.448
159	2003	6	8	23	19.843
160	2003	6	9	0	19.268
161	2003	6	10	1.2	20.029
162	2003	6	11	0	17.055
163	2003	6	12	0	18.257
164	2003	6	13	0	20.08
165	2003	6	14	2.4	18.469
166	2003	6	15	0	16.331
167	2003	6	16	0	19.584
168	2003	6	17	0	18.087
169	2003	6	18	0	18.556
170	2003	6	19	0	17.873
171	2003	6	20	0	16.908
172	2003	6	21	0	17.891
173	2003	6	22	6.8	18.244
174	2003	6	23	0	19.352
175	2003	6	24	0	18.228
176	2003	6	25	0	18.717
177	2003	6	26	0	16.364
178	2003	6	27	0	15.892
179	2003	6	28	0	20.125
180	2003	6	29	0	20.545
181	2003	6	30	8.2	17.516
182	2003	7	1	7.7	17.006
183	2003	7	2	7.4	19.331
184	2003	7	3	6	19.773
185	2003	7	4	7	18.087
186	2003	7	5	0	18.799
187	2003	7	6	0	17.824
188	2003	7	7	0	15.838
189	2003	7	8	0	14.853
190	2003	7	9	0	14.606
191	2003	7	10	0	15.728
192	2003	7	11	0	16.416
193	2003	7	12	0	16.353
194	2003	7	13	0	17.92
195	2003	7	14	0	17.757
196	2003	7	15	0	18.419
197	2003	7	16	1	19.249
198	2003	7	17	1	19.671
199	2003	7	18	0	16.966
200	2003	7	19	0	18.338
201	2003	7	20	0	21.158
202	2003	7	21	0	23.101
203	2003	7	22	0	23.656
204	2003	7	23	0	18.96
205	2003	7	24	0.7	20.586
206	2003	7	25	0.5	22.593
207	2003	7	26	8	21.709
208	2003	7	27	0.5	20.618
209	2003	7	28	0	19.39
210	2003	7	29	4	19.492
211	2003	7	30	0.8	17.854
212	2003	7	31	0	18.52
213	2003	8	1	0	18.581
214	2003	8	2	0	18.43
215	2003	8	3	0	17.055
216	2003	8	4	0	19.083
217	2003	8	5	0	18.1
218	2003	8	6	0.5	18.25
219	2003	8	7	0	19.685
220	2003	8	8	0	20.169
221	2003	8	9	0	20.973
222	2003	8	10	0	22.02
223	2003	8	11	0	22.953
224	2003	8	12	0	24.919
225	2003	8	13	0.5	24.797
226	2003	8	14	0	23.175
227	2003	8	15	0	21.162
228	2003	8	16	0	21.961
229	2003	8	17	0	24.027
230	2003	8	18	9.2	25.399
231	2003	8	19	0	21.665
232	2003	8	20	0	18.697
233	2003	8	21	0	16.942
234	2003	8	22	0.5	17.276
235	2003	8	23	0	19.874
236	2003	8	24	0	19.404
237	2003	8	25	0	18.285
238	2003	8	26	0	17.737
239	2003	8	27	0	17.428
240	2003	8	28	25.3	18.518
241	2003	8	29	5.7	19.739
242	2003	8	30	1.5	17.063
243	2003	8	31	5.7	17.668
244	2003	9	1	4.2	17.603
245	2003	9	2	0	15.901
246	2003	9	3	0	15.52
247	2003	9	4	0	14.208
248	2003	9	5	0	14.127
249	2003	9	6	0	13.474
250	2003	9	7	0	12.822
251	2003	9	8	0.5	13.149
252	2003	9	9	0	13.64
253	2003	9	10	13	14.987
254	2003	9	11	0.3	17.455
255	2003	9	12	0.4	16.856
256	2003	9	13	0	14.864
257	2003	9	14	0	14.813
258	2003	9	15	0	14.106
259	2003	9	16	0	13.089
260	2003	9	17	0	14.221
261	2003	9	18	0	14.374
262	2003	9	19	0	14.051
263	2003	9	20	0	13.766
264	2003	9	21	0	15.254
265	2003	9	22	6.6	16.235
266	2003	9	23	2.2	15.914
267	2003	9	24	0	18.285
268	2003	9	25	0	18.691
269	2003	9	26	0	18.189
270	2003	9	27	1.5	19.246
271	2003	9	28	12	19.623
272	2003	9	29	2.5	11.587
273	2003	9	30	0.2	10.458
274	2003	10	1	6.8	11.361
275	2003	10	2	0.5	12.241
276	2003	10	3	2.4	13.425
277	2003	10	4	0.7	12.618
278	2003	10	5	4.5	12.189
279	2003	10	6	28	12.252
280	2003	10	7	8.5	12.373
281	2003	10	8	3.6	14.571
282	2003	10	9	0.5	14.751
283	2003	10	10	4	11.25
284	2003	10	11	0	9.054
285	2003	10	12	0	9.86
286	2003	10	13	0	9.833
287	2003	10	14	0	11.608
288	2003	10	15	0	13.329
289	2003	10	16	0	14.125
290	2003	10	17	0	11.938
291	2003	10	18	0	10.012
292	2003	10	19	0	10.105
293	2003	10	20	0	9.527
294	2003	10	21	0	8.079
295	2003	10	22	0	7.862
296	2003	10	23	0	7.171
297	2003	10	24	0.5	6.252
298	2003	10	25	19	5.901
299	2003	10	26	0	6.635
300	2003	10	27	0	5.708
301	2003	10	28	0	4.73
302	2003	10	29	0.5	3.698
303	2003	10	30	4	2.224
304	2003	10	31	1.7	5.629
305	2003	11	1	1	6.653
306	2003	11	2	3.2	3.274
307	2003	11	3	3.5	2.392
308	2003	11	4	0	4.521
309	2003	11	5	0	6.832
310	2003	11	6	0	8.823
311	2003	11	7	0	7.939
312	2003	11	8	0	8.724
313	2003	11	9	0	11.009
314	2003	11	10	0	9.905
315	2003	11	11	0	8.991
316	2003	11	12	2.5	8.13
317	2003	11	13	0	7.074
318	2003	11	14	0	6.832
319	2003	11	15	1.5	8.225
320	2003	11	16	9.5	9.44
321	2003	11	17	6	5.593
322	2003	11	18	1.1	7.146
323	2003	11	19	0.3	8.889
324	2003	11	20	0.7	8.221
325	2003	11	21	2.5	8.69
326	2003	11	22	1.5	6.216
327	2003	11	23	4.7	7.431
328	2003	11	24	1.1	11.924
329	2003	11	25	0	11.881
330	2003	11	26	1.7	10.05
331	2003	11	27	0.5	9.331
332	2003	11	28	0	11.999
333	2003	11	29	3	12.729
334	2003	11	30	7	11.031
335	2003	12	1	1.2	7.652
336	2003	12	2	0	8.117
337	2003	12	3	0	5.509
338	2003	12	4	0	3.691
339	2003	12	5	0.5	3.436
340	2003	12	6	0	8.252
341	2003	12	7	0	10.441
342	2003	12	8	0	7.203
343	2003	12	9	0	6.019
344	2003	12	10	0	5.34
345	2003	12	11	2.5	4.827
346	2003	12	12	19	4.767
347	2003	12	13	25	-0.442
348	2003	12	14	3	-0.157
349	2003	12	15	2.7	-0.66
350	2003	12	16	1	-1.055
351	2003	12	17	0	3.895
352	2003	12	18	0	5.791
353	2003	12	19	0	11.262
354	2003	12	20	6	7.594
355	2003	12	21	8.5	4.267
356	2003	12	22	3.5	5.232
357	2003	12	23	6.5	3.269
358	2003	12	24	1	3.186
359	2003	12	25	1	5.025
360	2003	12	26	4.2	7.884
361	2003	12	27	10	5.432
362	2003	12	28	3.5	2.759
363	2003	12	29	0	2.949
364	2003	12	30	0	5.644
365	2003	12	31	12.5	4.172
1	2004	1	1	4	8.353
2	2004	1	2	0	7.14
3	2004	1	3	0	7.188
4	2004	1	4	0.4	5.893
5	2004	1	5	5.7	2.623
6	2004	1	6	2.8	1.365
7	2004	1	7	0.5	0.845
8	2004	1	8	3.2	0.711
9	2004	1	9	5	-0.786
10	2004	1	10	2.8	-4.168
11	2004	1	11	4	2.715
12	2004	1	12	21	3.824
13	2004	1	13	1	5.557
14	2004	1	14	12	7.051
15	2004	1	15	9.2	6.323
16	2004	1	16	1	7.077
17	2004	1	17	0.5	6.224
18	2004	1	18	2.3	9.08
19	2004	1	19	27.5	5.909
20	2004	1	20	1	8.153
21	2004	1	21	0	5.85
22	2004	1	22	3.7	5.518
23	2004	1	23	1.3	7.486
24	2004	1	24	2.4	5.735
25	2004	1	25	0	2.696
26	2004	1	26	0	6.067
27	2004	1	27	5	6.432
28	2004	1	28	8	2.689
29	2004	1	29	0	2.363
30	2004	1	30	0	2.155
31	2004	1	31	7	4.331
32	2004	2	1	10	4.823
33	2004	2	2	13	1.149
34	2004	2	3	0	0.963
35	2004	2	4	0.5	1.307
36	2004	2	5	0.5	1.982
37	2004	2	6	10	2.74
38	2004	2	7	5	7.876
39	2004	2	8	2	11.666
40	2004	2	9	1	12.429
41	2004	2	10	13.5	14.196
42	2004	2	11	0	15.388
43	2004	2	12	0	13.736
44	2004	2	13	0	12.317
45	2004	2	14	0	8.653
46	2004	2	15	0	5.418
47	2004	2	16	0	4.131
48	2004	2	17	0.8	3.545
49	2004	2	18	2.5	7.566
50	2004	2	19	0	5.768
51	2004	2	20	0	7.853
52	2004	2	21	0	7.724
53	2004	2	22	1	6.774
54	2004	2	23	1	5.941
55	2004	2	24	6	4.376
56	2004	2	25	5	5.516
57	2004	2	26	15	1.821
58	2004	2	27	5	1.118
59	2004	2	28	0	0.843
60	2004	2	29	0	2.531
61	2004	3	1	0	1.689
62	2004	3	2	0	2.971
63	2004	3	3	0	1.373
64	2004	3	4	0	0.6
65	2004	3	5	5.3	0.553
66	2004	3	6	2.2	0.067
67	2004	3	7	0.5	-0.561
68	2004	3	8	0	1.034
69	2004	3	9	0.5	3.846
70	2004	3	10	0.9	4.177
71	2004	3	11	0	7.078
72	2004	3	12	3.2	5.935
73	2004	3	13	1	3.122
74	2004	3	14	0.3	5.412
75	2004	3	15	0	3.146
76	2004	3	16	0	2.201
77	2004	3	17	0	1.32
78	2004	3	18	1	2.365
79	2004	3	19	9.3	3.409
80	2004	3	20	2.8	8.929
81	2004	3	21	7.5	10.365
82	2004	3	22	1	12.713
83	2004	3	23	1.8	13.723
84	2004	3	24	0	13.65
85	2004	3	25	0	11.668
86	2004	3	26	0.5	10.845
87	2004	3	27	0	11.399
88	2004	3	28	0	9.596
89	2004	3	29	0	7.585
90	2004	3	30	0	5.449
91	2004	3	31	0	5.283
92	2004	4	1	0	4.611
93	2004	4	2	1	3.788
94	2004	4	3	1.8	5.681
95	2004	4	4	4.5	7.453
96	2004	4	5	6	8.726
97	2004	4	6	2.2	11.26
98	2004	4	7	1.8	15.092
99	2004	4	8	0.5	16.16
100	2004	4	9	0	13.976
101	2004	4	10	0.5	12.411
102	2004	4	11	0	11.625
103	2004	4	12	0	8.609
104	2004	4	13	0	7.268
105	2004	4	14	0	6.913
106	2004	4	15	0	6.844
107	2004	4	16	0	6.468
108	2004	4	17	1	6.198
109	2004	4	18	3	7.097
110	2004	4	19	0.3	8.45
111	2004	4	20	0	9.681
112	2004	4	21	2	10.704
113	2004	4	22	0	13.215
114	2004	4	23	0	15.187
115	2004	4	24	0	13.768
116	2004	4	25	0	9.179
117	2004	4	26	0	8.293
118	2004	4	27	0	9.715
119	2004	4	28	8.5	14.106
120	2004	4	29	1.2	13.71
121	2004	4	30	5.5	12.493
122	2004	5	1	0	11.059
123	2004	5	2	0	13.719
124	2004	5	3	2.3	15.458
125	2004	5	4	2.2	16.696
126	2004	5	5	0	15.18
127	2004	5	6	0	13.741
128	2004	5	7	19	16.048
129	2004	5	8	0.3	14.634
130	2004	5	9	0	13.918
131	2004	5	10	0	13.365
132	2004	5	11	0	9.58
133	2004	5	12	0	9.947
134	2004	5	13	0	11.16
135	2004	5	14	0	9.992
136	2004	5	15	0	11.153
137	2004	5	16	0	12.561
138	2004	5	17	0	13.75
139	2004	5	18	0	10.998
140	2004	5	19	0	11.166
141	2004	5	20	3.5	10.857
142	2004	5	21	0.3	11.812
143	2004	5	22	0.5	14.945
144	2004	5	23	0	15.345
145	2004	5	24	0	17.514
146	2004	5	25	0	17.693
147	2004	5	26	0	17.526
148	2004	5	27	0	15.96
149	2004	5	28	0	12.078
150	2004	5	29	0	9.825
151	2004	5	30	9.7	11.56
152	2004	5	31	0	12.926
153	2004	6	1	0	14.126
154	2004	6	2	4.2	12.031
155	2004	6	3	9.5	11.541
156	2004	6	4	2.8	14.543
157	2004	6	5	0	18.095
158	2004	6	6	0	15.442
159	2004	6	7	0	15.241
160	2004	6	8	0	17.117
161	2004	6	9	1	14.832
162	2004	6	10	8.4	15.08
163	2004	6	11	1	14.612
164	2004	6	12	1	14.962
165	2004	6	13	0	16.865
166	2004	6	14	0	21.549
167	2004	6	15	0	24.692
168	2004	6	16	0	21.649
169	2004	6	17	0	17.881
170	2004	6	18	4.8	16.872
171	2004	6	19	0.5	15.522
172	2004	6	20	0.5	14.711
173	2004	6	21	4.4	17.756
174	2004	6	22	2.2	18.684
175	2004	6	23	8	16.516
176	2004	6	24	3.5	17.906
177	2004	6	25	0.5	15.505
178	2004	6	26	1.5	13.065
179	2004	6	27	0	13.307
180	2004	6	28	0	13.096
181	2004	6	29	0	15.579
182	2004	6	30	1	17.431
183	2004	7	1	2.5	15.987
184	2004	7	2	3	15.014
185	2004	7	3	0.8	17.242
186	2004	7	4	4.5	18.831
187	2004	7	5	0.3	17.054
188	2004	7	6	0	16.514
189	2004	7	7	12.9	17.449
190	2004	7	8	9.9	15.964
191	2004	7	9	1.1	15.355
192	2004	7	10	9.2	15.933
193	2004	7	11	6.2	15.259
194	2004	7	12	1.2	16.716
195	2004	7	13	0	17.325
196	2004	7	14	2.6	17.349
197	2004	7	15	0.8	17.337
198	2004	7	16	1.2	15.117
199	2004	7	17	10.7	13.957
200	2004	7	18	1.5	13.814
201	2004	7	19	1	14.1
202	2004	7	20	3.7	15.328
203	2004	7	21	0	15.978
204	2004	7	22	12.5	18.336
205	2004	7	23	0	19.824
206	2004	7	24	0	21.25
207	2004	7	25	2.2	18.339
208	2004	7	26	0	17.971
209	2004	7	27	0	17.775
210	2004	7	28	0	20.039
211	2004	7	29	0	19.449
212	2004	7	30	0	17.969
213	2004	7	31	0	15.295
214	2004	8	1	0	14.874
215	2004	8	2	0	15.218
216	2004	8	3	0	14.94
217	2004	8	4	0.7	16.029
218	2004	8	5	0	16.798
219	2004	8	6	11	18.041
220	2004	8	7	0.5	17.599
221	2004	8	8	0	17.774
222	2004	8	9	0	18.288
223	2004	8	10	1.8	21.849
224	2004	8	11	0	23.152
225	2004	8	12	2.8	23.789
226	2004	8	13	26	22.596
227	2004	8	14	0	20.737
228	2004	8	15	12.5	22.402
229	2004	8	16	1.2	24.767
230	2004	8	17	0	22.203
231	2004	8	18	4	20.166
232	2004	8	19	4.2	18.532
233	2004	8	20	3.7	17.839
234	2004	8	21	2.7	19.313
235	2004	8	22	0	19.442
236	2004	8	23	0.8	19.422
237	2004	8	24	6.7	20.111
238	2004	8	25	33.2	20.691
239	2004	8	26	1.5	19.713
240	2004	8	27	11	17.401
241	2004	8	28	0	15.493
242	2004	8	29	0.5	16.226
243	2004	8	30	20.5	18.299
244	2004	8	31	0	17.703
245	2004	9	1	0	16.683
246	2004	9	2	0	16.578
247	2004	9	3	0	15.571
248	2004	9	4	0	17.642
249	2004	9	5	0	16.404
250	2004	9	6	0	14.892
251	2004	9	7	0	14.827
252	2004	9	8	0	15.141
253	2004	9	9	0	18.32
254	2004	9	10	1	20.825
255	2004	9	11	1.8	21.671
256	2004	9	12	0	21.646
257	2004	9	13	6.5	21.272
258	2004	9	14	1.5	19.771
259	2004	9	15	5.5	17.207
260	2004	9	16	0	18.088
261	2004	9	17	0	19.465
262	2004	9	18	3.8	19.164
263	2004	9	19	0	16.578
264	2004	9	20	4.5	15.784
265	2004	9	21	0.5	14.933
266	2004	9	22	13	13.643
267	2004	9	23	8.7	13.978
268	2004	9	24	5.5	15.262
269	2004	9	25	1	17.915
270	2004	9	26	0	15.904
271	2004	9	27	0.5	14.888
272	2004	9	28	3.4	14.559
273	2004	9	29	0.5	14.027
274	2004	9	30	0	14.006
275	2004	10	1	0	11.729
276	2004	10	2	0	12.427
277	2004	10	3	1	14.894
278	2004	10	4	1	15.998
279	2004	10	5	0	16.278
280	2004	10	6	1.2	14.175
281	2004	10	7	0	12.757
282	2004	10	8	0	16.084
283	2004	10	9	0	14.693
284	2004	10	10	0	14.641
285	2004	10	11	0	16.41
286	2004	10	12	0	14.764
287	2004	10	13	0	13.383
288	2004	10	14	1	12.017
289	2004	10	15	0.5	11.62
290	2004	10	16	2.2	10.031
291	2004	10	17	17	9.717
292	2004	10	18	0	9.419
293	2004	10	19	1.5	10.785
294	2004	10	20	18.5	12.643
295	2004	10	21	0	12.749
296	2004	10	22	0.5	9.973
297	2004	10	23	0.5	8.295
298	2004	10	24	0	8.519
299	2004	10	25	0	10.276
300	2004	10	26	0	10.375
301	2004	10	27	6.5	14.961
302	2004	10	28	0	14.039
303	2004	10	29	5	14.606
304	2004	10	30	0.5	17.262
305	2004	10	31	0	17.846
306	2004	11	1	6.2	14.738
307	2004	11	2	2.2	11.186
308	2004	11	3	0	9.278
309	2004	11	4	0.5	13.176
310	2004	11	5	0	12.539
311	2004	11	6	1.8	10.541
312	2004	11	7	0	10.049
313	2004	11	8	0	8.36
314	2004	11	9	0	9.238
315	2004	11	10	3	10.327
316	2004	11	11	0	10.654
317	2004	11	12	2.4	9.414
318	2004	11	13	2.5	10.467
319	2004	11	14	0	9.446
320	2004	11	15	0	7.99
321	2004	11	16	1	4.479
322	2004	11	17	15.2	6.321
323	2004	11	18	31	5.397
324	2004	11	19	4.8	5.798
325	2004	11	20	0.7	6.723
326	2004	11	21	3	7.111
327	2004	11	22	1	7.216
328	2004	11	23	0	10.763
329	2004	11	24	0	12.21
330	2004	11	25	0	9.371
331	2004	11	26	7.4	4.884
332	2004	11	27	1.2	3.696
333	2004	11	28	4	2.721
334	2004	11	29	0	12.151
335	2004	11	30	0	10.091
336	2004	12	1	0	4.623
337	2004	12	2	0	2.054
338	2004	12	3	0	4.611
339	2004	12	4	0.5	9.319
340	2004	12	5	0	8.965
341	2004	12	6	0	7.574
342	2004	12	7	0	5.482
343	2004	12	8	0	3.988
344	2004	12	9	0	5.247
345	2004	12	10	0	4.278
346	2004	12	11	0	3.303
347	2004	12	12	0	7.631
348	2004	12	13	0	7.042
349	2004	12	14	0	5.35
350	2004	12	15	0	6.975
351	2004	12	16	3	1.696
352	2004	12	17	23.5	1.551
353	2004	12	18	2.4	4.192
354	2004	12	19	0	1.274
355	2004	12	20	0	-0.608
356	2004	12	21	0	1.166
357	2004	12	22	6	4.476
358	2004	12	23	0	6.415
359	2004	12	24	19.5	6.474
360	2004	12	25	0	6.021
361	2004	12	26	0	3.287
362	2004	12	27	3.8	0.602
363	2004	12	28	9	-1.416
364	2004	12	29	0.3	3.705
365	2000	12	30	0	9.969
366	2000	12	31	2.5	7.764
1	2005	1	1	2.5	10.672
2	2005	1	2	0.4	10.673
3	2005	1	3	0	5.786
4	2005	1	4	0	3.735
5	2005	1	5	1.6	1.175
6	2005	1	6	0	4.043
7	2005	1	7	0	6.499
8	2005	1	8	0	7.902
9	2005	1	9	0	10.062
10	2005	1	10	8.5	8.02
11	2005	1	11	1.6	6.015
12	2005	1	12	0	6.479
13	2005	1	13	0	7.055
14	2005	1	14	0	6.575
15	2005	1	15	0	7.425
16	2005	1	16	0	10.232
17	2005	1	17	11.5	8.899
18	2005	1	18	7.8	7.821
19	2005	1	19	1	10.642
20	2005	1	20	7.5	10.183
21	2005	1	21	0	8.497
22	2005	1	22	0.5	5.371
23	2005	1	23	3.5	2.284
24	2005	1	24	0	1.163
25	2005	1	25	0	2.34
26	2005	1	26	0	7.13
27	2005	1	27	1	5.133
28	2005	1	28	0	5.115
29	2005	1	29	0	9.332
30	2005	1	30	0.5	5.953
31	2005	1	31	5.4	3.762
32	2005	2	1	2.2	2.561
33	2005	2	2	1.5	1.289
34	2005	2	3	0.5	-0.713
35	2005	2	4	0	-0.979
36	2005	2	5	0	0.856
37	2005	2	6	0	2.365
38	2005	2	7	0	1.382
39	2005	2	8	0	4.935
40	2005	2	9	1.2	6.216
41	2005	2	10	41.5	5.296
42	2005	2	11	11	5.952
43	2005	2	12	6.5	6.202
44	2005	2	13	8	5.576
45	2005	2	14	2.8	2.993
46	2005	2	15	0	4.325
47	2005	2	16	0	0.437
48	2005	2	17	0	1.51
49	2005	2	18	9	5.764
50	2005	2	19	6.2	7.962
51	2005	2	20	1	7.876
52	2005	2	21	1	8.905
53	2005	2	22	1	3.91
54	2005	2	23	1	3.754
55	2005	2	24	0	1.799
56	2005	2	25	0	0.608
57	2005	2	26	0.7	0.423
58	2005	2	27	0	2.144
59	2005	2	28	0	3.431
60	2005	3	1	0.5	2.313
61	2005	3	2	2.5	1.187
62	2005	3	3	0	0.282
63	2005	3	4	2.5	-0.341
64	2005	3	5	0	-0.293
65	2005	3	6	1	-0.523
66	2005	3	7	3.5	1.538
67	2005	3	8	1.2	-1.345
68	2005	3	9	0	-2.901
69	2005	3	10	0	-0.562
70	2005	3	11	2.2	0.069
71	2005	3	12	0.8	0.118
72	2005	3	13	0	-1.594
73	2005	3	14	0	0.967
74	2005	3	15	0	-0.426
75	2005	3	16	0	3.358
76	2005	3	17	0	4.66
77	2005	3	18	0	4.555
78	2005	3	19	0	3.183
79	2005	3	20	0	5.117
80	2005	3	21	0	3.795
81	2005	3	22	2.1	4.109
82	2005	3	23	0	4.615
83	2005	3	24	3.4	7.212
84	2005	3	25	1.2	12.97
85	2005	3	26	0	12.337
86	2005	3	27	2.6	9.688
87	2005	3	28	1.6	10.336
88	2005	3	29	1.2	9.808
89	2005	3	30	19.4	10.778
90	2005	3	31	0	12.929
91	2005	4	1	0	11.746
92	2005	4	2	0	11.947
93	2005	4	3	0	10.568
94	2005	4	4	9.7	10.295
95	2005	4	5	0	10.596
96	2005	4	6	1.2	10.234
97	2005	4	7	5.5	10.21
98	2005	4	8	2.7	10.845
99	2005	4	9	4.3	10.781
100	2005	4	10	0.4	13.093
101	2005	4	11	0	12.519
102	2005	4	12	0	15.861
103	2005	4	13	8.5	13.244
104	2005	4	14	0.5	10.124
105	2005	4	15	0	9.852
106	2005	4	16	3.3	9.7
107	2005	4	17	0	6.886
108	2005	4	18	1.5	5.639
109	2005	4	19	0	8.68
110	2005	4	20	0.5	11.959
111	2005	4	21	0	12.345
112	2005	4	22	0	11.245
113	2005	4	23	0	13.014
114	2005	4	24	2.2	9.743
115	2005	4	25	5	7.534
116	2005	4	26	2.2	8.809
117	2005	4	27	0.4	10.988
118	2005	4	28	21.5	9.94
119	2005	4	29	0.5	8.831
120	2005	4	30	0	9.374
121	2005	5	1	0.3	11.365
122	2005	5	2	4.2	12.587
123	2005	5	3	12	15.076
124	2005	5	4	3.6	12.942
125	2005	5	5	5	12.905
126	2005	5	6	16.2	12.539
127	2005	5	7	1.8	13.952
128	2005	5	8	0.9	14.474
129	2005	5	9	0	17.781
130	2005	5	10	0.5	21.708
131	2005	5	11	0	16.282
132	2005	5	12	0	14.904
133	2005	5	13	0	11.811
134	2005	5	14	0	10.548
135	2005	5	15	0	11.59
136	2005	5	16	0.5	10.094
137	2005	5	17	0	8.912
138	2005	5	18	0	8.573
139	2005	5	19	4.2	8.114
140	2005	5	20	17.7	8.917
141	2005	5	21	7.8	10.03
142	2005	5	22	0	12.17
143	2005	5	23	0	12.556
144	2005	5	24	0	10.409
145	2005	5	25	0	11.299
146	2005	5	26	0	8.266
147	2005	5	27	0	9.817
148	2005	5	28	0	13.74
149	2005	5	29	4.5	16.806
150	2005	5	30	6.5	16.083
151	2005	5	31	9.6	14.749
152	2005	6	1	1.7	13.52
153	2005	6	2	0	14.232
154	2005	6	3	8.9	19.42
155	2005	6	4	6.5	21.903
156	2005	6	5	2	24.662
157	2005	6	6	0	20.875
158	2005	6	7	0	15.224
159	2005	6	8	0	11.067
160	2005	6	9	0	12.992
161	2005	6	10	0	14.981
162	2005	6	11	0	17.402
163	2005	6	12	2.2	18.958
164	2005	6	13	0	14.602
165	2005	6	14	0	14.078
166	2005	6	15	0.3	13.237
167	2005	6	16	0.3	11.113
168	2005	6	17	0	12.474
169	2005	6	18	0	14.183
170	2005	6	19	0	14.608
171	2005	6	20	0	11.597
172	2005	6	21	0	12.603
173	2005	6	22	0	13.576
174	2005	6	23	0	15.641
175	2005	6	24	0.5	17.126
176	2005	6	25	0	18.704
177	2005	6	26	0	20.463
178	2005	6	27	0	22.121
179	2005	6	28	31.8	24.545
180	2005	6	29	2	25.941
181	2005	6	30	3.8	20.828
182	2005	7	1	1.5	21.391
183	2005	7	2	0.9	25.084
184	2005	7	3	4.2	26.443
185	2005	7	4	22.4	20.88
186	2005	7	5	5.5	18.372
187	2005	7	6	23.5	20.061
188	2005	7	7	1.6	20.419
189	2005	7	8	1.2	19.635
190	2005	7	9	0	17.825
191	2005	7	10	0	17.799
192	2005	7	11	0	17.856
193	2005	7	12	0	20.322
194	2005	7	13	0	16.887
195	2005	7	14	0	15.212
196	2005	7	15	0	15.273
197	2005	7	16	0	13.774
198	2005	7	17	0	15.131
199	2005	7	18	1.5	17.245
200	2005	7	19	0	21.314
201	2005	7	20	0	21.371
202	2005	7	21	0	19.791
203	2005	7	22	0	20.346
204	2005	7	23	0	22.496
205	2005	7	24	2	22.574
206	2005	7	25	38	19.937
207	2005	7	26	1.4	19.276
208	2005	7	27	8.4	19.761
209	2005	7	28	23.7	18.245
210	2005	7	29	16.5	17.513
211	2005	7	30	6.5	15.948
212	2005	7	31	9.8	15.21
213	2005	8	1	0	16.737
214	2005	8	2	0	17.425
215	2005	8	3	4.7	17.762
216	2005	8	4	0	16.099
217	2005	8	5	1.6	19.771
218	2005	8	6	0.9	22.28
219	2005	8	7	2.7	22.114
220	2005	8	8	4.5	17.109
221	2005	8	9	0	15.657
222	2005	8	10	0	16.164
223	2005	8	11	0.5	16.782
224	2005	8	12	3.2	16.836
225	2005	8	13	12.2	17.417
226	2005	8	14	2.4	15.711
227	2005	8	15	0	15.247
228	2005	8	16	0	14.205
229	2005	8	17	0	14.916
230	2005	8	18	0	15.431
231	2005	8	19	13.2	15.203
232	2005	8	20	0	17.972
233	2005	8	21	0	16.349
234	2005	8	22	0.5	16.66
235	2005	8	23	0	16.315
236	2005	8	24	10.4	15.479
237	2005	8	25	10	16.742
238	2005	8	26	5.6	18.588
239	2005	8	27	0	21.808
240	2005	8	28	0	18.611
241	2005	8	29	0	17.261
242	2005	8	30	0	17.598
243	2005	8	31	0	17.681
244	2005	9	1	0.7	16.731
245	2005	9	2	0	15.984
246	2005	9	3	0	14.634
247	2005	9	4	0	14.326
248	2005	9	5	13.5	16.011
249	2005	9	6	0	17.909
250	2005	9	7	0	19.612
251	2005	9	8	0	20.483
252	2005	9	9	3.2	23.731
253	2005	9	10	37	20.3
254	2005	9	11	1.2	18.931
255	2005	9	12	0	18.545
256	2005	9	13	0	20.485
257	2005	9	14	0.7	21.633
258	2005	9	15	13.7	20.784
259	2005	9	16	0.5	20.786
260	2005	9	17	0	22.192
261	2005	9	18	0	21.188
262	2005	9	19	0	20.003
263	2005	9	20	0	19.276
264	2005	9	21	0	17.496
265	2005	9	22	0	16.738
266	2005	9	23	1.8	17.112
267	2005	9	24	0	18.002
268	2005	9	25	0	13.285
269	2005	9	26	0	11.573
270	2005	9	27	4.2	13.277
271	2005	9	28	7.2	13.805
272	2005	9	29	0	14.388
273	2005	9	30	5.2	12.639
274	2005	10	1	6.5	13.239
275	2005	10	2	2.8	14.873
276	2005	10	3	0	15.226
277	2005	10	4	0	16.112
278	2005	10	5	0	15.125
279	2005	10	6	0	15.377
280	2005	10	7	0	13.628
281	2005	10	8	0	12.968
282	2005	10	9	0	12.324
283	2005	10	10	0	14.386
284	2005	10	11	0	11.887
285	2005	10	12	0	12.305
286	2005	10	13	0	11.869
287	2005	10	14	0	13.081
288	2005	10	15	0	13.517
289	2005	10	16	0	12.384
290	2005	10	17	0	14.594
291	2005	10	18	2.2	14.663
292	2005	10	19	12.8	16.737
293	2005	10	20	1	15.804
294	2005	10	21	6.7	16.066
295	2005	10	22	2	16.101
296	2005	10	23	1.2	15.899
297	2005	10	24	12.8	14.265
298	2005	10	25	5.2	13.225
299	2005	10	26	0	10.337
300	2005	10	27	0	10.197
301	2005	10	28	0	12.35
302	2005	10	29	0.4	13.283
303	2005	10	30	0	12.835
304	2005	10	31	0	12.845
305	2005	11	1	5.2	12.921
306	2005	11	2	5.5	13.209
307	2005	11	3	0	15.102
308	2005	11	4	1.2	15.732
309	2005	11	5	0	16.814
310	2005	11	6	4	16.836
311	2005	11	7	1	17.517
312	2005	11	8	0	17.442
313	2005	11	9	0.5	16.174
314	2005	11	10	1.6	12.561
315	2005	11	11	1.8	12.609
316	2005	11	12	0.3	16.327
317	2005	11	13	0	13.47
318	2005	11	14	0.8	9.644
319	2005	11	15	3.5	11.755
320	2005	11	16	8.6	11.237
321	2005	11	17	8.8	12.687
322	2005	11	18	0.2	9.761
323	2005	11	19	0.7	8.459
324	2005	11	20	0	11.495
325	2005	11	21	0	8.97
326	2005	11	22	0.4	8.76
327	2005	11	23	0	7.069
328	2005	11	24	13.2	6.696
329	2005	11	25	25	6.536
330	2005	11	26	6.2	4.911
331	2005	11	27	1.5	5.202
332	2005	11	28	1.2	4.274
333	2005	11	29	0	2.886
334	2005	11	30	0	5.88
335	2005	12	1	0	2.633
336	2005	12	2	0.8	3.358
337	2005	12	3	0.9	3.449
338	2005	12	4	7	2.407
339	2005	12	5	3.5	1.599
340	2005	12	6	1.6	1.491
341	2005	12	7	1.2	2.957
342	2005	12	8	0	2.94
343	2005	12	9	0	2.496
344	2005	12	10	0	1.854
345	2005	12	11	0	4.815
346	2005	12	12	0.3	8.335
347	2005	12	13	1	8.055
348	2005	12	14	1.2	6.503
349	2005	12	15	11.3	7.087
350	2005	12	16	6	8.933
351	2005	12	17	4.5	7.58
352	2005	12	18	5.2	5.863
353	2005	12	19	0.8	2.982
354	2005	12	20	0.5	4.519
355	2005	12	21	4.9	8.344
356	2005	12	22	2	8.77
357	2005	12	23	0	9.343
358	2005	12	24	1.4	9.918
359	2005	12	25	0.7	10.284
360	2005	12	26	0.3	6.193
361	2005	12	27	0.2	6.352
362	2005	12	28	0	8.974
363	2005	12	29	0.5	7.922
364	2005	12	30	12.2	9.211
365	2005	12	31	12.5	4.172
1	2006	1	1	0	9.709
2	2006	1	2	0	12.829
3	2006	1	3	0	9.447
4	2006	1	4	0	8.301
5	2006	1	5	0	8.839
6	2006	1	6	0	6.064
7	2006	1	7	0	4.223
8	2006	1	8	0	6.356
9	2006	1	9	0	7.207
10	2006	1	10	0	9.361
11	2006	1	11	5	8.479
12	2006	1	12	0	6.229
13	2006	1	13	0	5.884
14	2006	1	14	0	4.478
15	2006	1	15	0	1.593
16	2006	1	16	3.2	0.866
17	2006	1	17	7	0.581
18	2006	1	18	0.5	12.585
19	2006	1	19	2.6	12.781
20	2006	1	20	0.3	13.287
21	2006	1	21	0	10.442
22	2006	1	22	0	7.737
23	2006	1	23	0	3.747
24	2006	1	24	0.9	3.721
25	2006	1	25	0	2.933
26	2006	1	26	0	2.954
27	2006	1	27	0	9.369
28	2006	1	28	0	8.322
29	2006	1	29	0	7.03
30	2006	1	30	0	4.349
31	2006	1	31	0	5.647
32	2006	2	1	0	3.905
33	2006	2	2	0.6	3.732
34	2006	2	3	0	4.075
35	2006	2	4	0.4	3.788
36	2006	2	5	0	3.627
37	2006	2	6	7.8	4.389
38	2006	2	7	2.4	6.21
39	2006	2	8	1.8	5.862
40	2006	2	9	0.5	4.451
41	2006	2	10	0	4.235
42	2006	2	11	7.5	2.422
43	2006	2	12	0	4.055
44	2006	2	13	13.2	8.595
45	2006	2	14	7	8.133
46	2006	2	15	8.8	9.528
47	2006	2	16	9.2	10.205
48	2006	2	17	0.9	8.01
49	2006	2	18	9.5	4.056
50	2006	2	19	10.5	1.158
51	2006	2	20	1.8	1.254
52	2006	2	21	0.3	3.392
53	2006	2	22	0	3.109
54	2006	2	23	0	-0.43
55	2006	2	24	0	-0.141
56	2006	2	25	0	1.996
57	2006	2	26	7	3.996
58	2006	2	27	7.5	3.24
59	2006	2	28	0	-0.799
60	2006	3	1	0	-0.732
61	2006	3	2	0	-0.23
62	2006	3	3	0.4	3.694
63	2006	3	4	3.6	3.794
64	2006	3	5	5.5	4.912
65	2006	3	6	0.6	7.502
66	2006	3	7	15.2	7.662
67	2006	3	8	1.8	5.112
68	2006	3	9	11.8	5.283
69	2006	3	10	0	4.739
70	2006	3	11	0	3.099
71	2006	3	12	0	4.497
72	2006	3	13	0	7.666
73	2006	3	14	0	10.333
74	2006	3	15	0	9.904
75	2006	3	16	0	7.931
76	2006	3	17	0	6.977
77	2006	3	18	0	8.386
78	2006	3	19	0	5.538
79	2006	3	20	0	4.558
80	2006	3	21	0	4.677
81	2006	3	22	0	3.329
82	2006	3	23	4.5	3.829
83	2006	3	24	8.5	2.825
84	2006	3	25	6.5	3.198
85	2006	3	26	3.3	4.918
86	2006	3	27	3	4.298
87	2006	3	28	10.8	3.685
88	2006	3	29	1.6	3.379
89	2006	3	30	0.7	2.673
90	2006	3	31	7.3	3.298
91	2006	4	1	3.5	4.217
92	2006	4	2	0.3	4.439
93	2006	4	3	0.5	5.986
94	2006	4	4	0.8	8.353
95	2006	4	5	0	10.675
96	2006	4	6	0	7.778
97	2006	4	7	8.6	3.857
98	2006	4	8	0	0.626
99	2006	4	9	0.5	1.678
100	2006	4	10	4.2	4.154
101	2006	4	11	1.8	5.194
102	2006	4	12	3.5	3.445
103	2006	4	13	0.7	4.202
104	2006	4	14	7.2	4.98
105	2006	4	15	0.5	4.548
106	2006	4	16	0	6.854
107	2006	4	17	0	5.153
108	2006	4	18	0	4.683
109	2006	4	19	0	6.551
110	2006	4	20	0	10.533
111	2006	4	21	0	14.55
112	2006	4	22	0.8	17.229
113	2006	4	23	0	17.187
114	2006	4	24	1.2	13.344
115	2006	4	25	0	11.971
116	2006	4	26	0	14.587
117	2006	4	27	0	15.122
118	2006	4	28	2.1	14.172
119	2006	4	29	0.9	12.85
120	2006	4	30	4.3	10.931
121	2006	5	1	0	8.243
122	2006	5	2	0	6.947
123	2006	5	3	0	9.444
124	2006	5	4	0	9.932
125	2006	5	5	0	9.731
126	2006	5	6	0	8.939
127	2006	5	7	0	8.259
128	2006	5	8	1.2	6.904
129	2006	5	9	0	8.857
130	2006	5	10	0	11.449
131	2006	5	11	0	10.834
132	2006	5	12	0	10.948
133	2006	5	13	0	12.647
134	2006	5	14	0	10.894
135	2006	5	15	1.1	10.429
136	2006	5	16	2.1	10.725
137	2006	5	17	10.5	11.248
138	2006	5	18	14.8	12.66
139	2006	5	19	11.9	9.32
140	2006	5	20	3.6	10.572
141	2006	5	21	8	13.452
142	2006	5	22	9.8	14.446
143	2006	5	23	18.4	13.875
144	2006	5	24	0.7	11.524
145	2006	5	25	17.2	8.692
146	2006	5	26	12.4	6.965
147	2006	5	27	0	7.138
148	2006	5	28	3.2	9.864
149	2006	5	29	3.5	12.617
150	2006	5	30	0.4	16.687
151	2006	5	31	1.8	17.294
152	2006	6	1	0	15.483
153	2006	6	2	0	15.388
154	2006	6	3	0	17.216
155	2006	6	4	0	17.171
156	2006	6	5	0	15.698
157	2006	6	6	0	17.442
158	2006	6	7	0	18.449
159	2006	6	8	0	17.178
160	2006	6	9	0	15.67
161	2006	6	10	0	13.489
162	2006	6	11	0	15.636
163	2006	6	12	2.2	14.974
164	2006	6	13	11.1	15.263
165	2006	6	14	0	15.738
166	2006	6	15	0	12.392
167	2006	6	16	0	11.351
168	2006	6	17	5.8	13.368
169	2006	6	18	0.4	14.467
170	2006	6	19	0	9.945
171	2006	6	20	0	10.252
172	2006	6	21	0	10.578
173	2006	6	22	0	12.205
174	2006	6	23	0	13.436
175	2006	6	24	28	13.406
176	2006	6	25	0.6	10.962
177	2006	6	26	0	7.742
178	2006	6	27	0	8.665
179	2006	6	28	0	8.642
180	2006	6	29	0	11.091
181	2006	6	30	0	12.97
182	2006	7	1	0	12.569
183	2006	7	2	0	12.286
184	2006	7	3	0	11.459
185	2006	7	4	1.2	13.599
186	2006	7	5	4.5	17.178
187	2006	7	6	4.2	19.855
188	2006	7	7	0	22.029
189	2006	7	8	0	23.557
190	2006	7	9	0	23.7
191	2006	7	10	0	25.186
192	2006	7	11	0	16.42
193	2006	7	12	0	12.387
194	2006	7	13	0	13.687
195	2006	7	14	0	16.835
196	2006	7	15	0	21.711
197	2006	7	16	0	19.79
198	2006	7	17	0	17.898
199	2006	7	18	0	13.228
200	2006	7	19	0	12.832
201	2006	7	20	0	15.451
202	2006	7	21	1.2	17.533
203	2006	7	22	0	16.944
204	2006	7	23	0	14.658
205	2006	7	24	0	13.601
206	2006	7	25	0	14.938
207	2006	7	26	1.5	16.841
208	2006	7	27	0	20.024
209	2006	7	28	0	22.922
210	2006	7	29	1.4	23.982
211	2006	7	30	0.5	23.865
212	2006	7	31	18	25.614
213	2006	8	1	57.5	24.135
214	2006	8	2	25	20.951
215	2006	8	3	10	18.241
216	2006	8	4	0	19.285
217	2006	8	5	0	19.68
218	2006	8	6	0.8	19.959
219	2006	8	7	0	20.176
220	2006	8	8	3.5	19.496
221	2006	8	9	3.5	20.113
222	2006	8	10	10.5	17.778
223	2006	8	11	0.1	18.674
224	2006	8	12	0	22.275
225	2006	8	13	45	24.211
226	2006	8	14	2.1	25.52
227	2006	8	15	1.3	27.671
228	2006	8	16	1.8	23.994
229	2006	8	17	0.9	24.926
230	2006	8	18	15	22.712
231	2006	8	19	1	21.328
232	2006	8	20	13.2	22.98
233	2006	8	21	0	25.107
234	2006	8	22	2.9	26.544
235	2006	8	23	6.6	23.766
236	2006	8	24	3.5	22.763
237	2006	8	25	0	22.017
238	2006	8	26	6	20.243
239	2006	8	27	7.2	19.265
240	2006	8	28	6.4	17.088
241	2006	8	29	0	14.846
242	2006	8	30	0	15.111
243	2006	8	31	0	16.934
244	2006	9	1	1	18.543
245	2006	9	2	0.4	18.768
246	2006	9	3	0	17.61
247	2006	9	4	0	16.168
248	2006	9	5	0	14.868
249	2006	9	6	0	14.514
250	2006	9	7	0	12.347
251	2006	9	8	0	13.135
252	2006	9	9	0	15.16
253	2006	9	10	0	14.167
254	2006	9	11	0	15.149
255	2006	9	12	0	16.611
256	2006	9	13	0	18.384
257	2006	9	14	0	18.131
258	2006	9	15	0	17.181
259	2006	9	16	0	16.169
260	2006	9	17	0	16.103
261	2006	9	18	1.5	16.643
262	2006	9	19	0	16.38
263	2006	9	20	0	15.69
264	2006	9	21	0	15.381
265	2006	9	22	3.2	15.177
266	2006	9	23	1	16.676
267	2006	9	24	0	13.754
268	2006	9	25	0	12.775
269	2006	9	26	0	14.026
270	2006	9	27	0	15.277
271	2006	9	28	0	17.692
272	2006	9	29	0.5	17.491
273	2006	9	30	35.7	19.493
274	2006	10	1	3	18.114
275	2006	10	2	1	18.756
276	2006	10	3	0	20.829
277	2006	10	4	5.5	16.821
278	2006	10	5	16.2	14.594
279	2006	10	6	1.6	14.697
280	2006	10	7	0	17.214
281	2006	10	8	3	20.419
282	2006	10	9	0.7	21.54
283	2006	10	10	0	21.156
284	2006	10	11	0	20.069
285	2006	10	12	1	20.882
286	2006	10	13	0	20.394
287	2006	10	14	0	17.599
288	2006	10	15	0	17.149
289	2006	10	16	0	14.665
290	2006	10	17	5.5	14.962
291	2006	10	18	0	18.389
292	2006	10	19	0	19.285
293	2006	10	20	0	18.382
294	2006	10	21	11	19.638
295	2006	10	22	7.5	16.625
296	2006	10	23	9.2	16.31
297	2006	10	24	1	14.515
298	2006	10	25	0	16.404
299	2006	10	26	0	17.324
300	2006	10	27	0.8	17.031
301	2006	10	28	0	15.405
302	2006	10	29	0	15.089
303	2006	10	30	5.3	13.781
304	2006	10	31	3.4	12.346
305	2006	11	1	1	12.458
306	2006	11	2	1.8	14.494
307	2006	11	3	0	12.904
308	2006	11	4	0	11.86
309	2006	11	5	0	13.475
310	2006	11	6	0	15.429
311	2006	11	7	2.2	16.215
312	2006	11	8	0	14.961
313	2006	11	9	14.2	14.045
314	2006	11	10	0.8	13.103
315	2006	11	11	2.4	10.866
316	2006	11	12	4.2	11.46
317	2006	11	13	1.4	11.939
318	2006	11	14	0	13.382
319	2006	11	15	7	14.296
320	2006	11	16	3.6	14.411
321	2006	11	17	4.2	14.687
322	2006	11	18	2.7	14.595
323	2006	11	19	17.8	15.97
324	2006	11	20	4.2	12.5
325	2006	11	21	15.6	11.736
326	2006	11	22	8.4	18.035
327	2006	11	23	4.2	13.065
328	2006	11	24	0	14.012
329	2006	11	25	0	14.2
330	2006	11	26	0	11.689
331	2006	11	27	0	11.697
332	2006	11	28	0	6.98
333	2006	11	29	0	5.336
334	2006	11	30	0	7.182
335	2006	12	1	0.5	8.338
336	2006	12	2	5.2	9.843
337	2006	12	3	4.2	9.209
338	2006	12	4	9.2	6.462
339	2006	12	5	0.9	7.798
340	2006	12	6	14.2	9.626
341	2006	12	7	15.4	6.378
342	2006	12	8	0.5	8.641
343	2006	12	9	1.2	8.667
344	2006	12	10	15.4	10.895
345	2006	12	11	3.2	12.526
346	2006	12	12	0	12.712
347	2006	12	13	0	13.802
348	2006	12	14	0	10.966
349	2006	12	15	8	8.579
350	2006	12	16	0.5	5.368
351	2006	12	17	0	7.304
352	2006	12	18	0	7.599
353	2006	12	19	0	6.276
354	2006	12	20	0	9.881
355	2006	12	21	0	10.122
356	2006	12	22	0	14.024
357	2006	12	23	0	10.796
358	2006	12	24	0	11.062
359	2006	12	25	0	11.462
360	2006	12	26	3.6	8.836
361	2006	12	27	2.5	5.25
362	2006	12	28	2	8.695
363	2006	12	29	11	10.005
364	2006	12	30	4.5	8.604
365	2007	12	31	13.2	6.165
1	2007	1	1	0.4	5.806
2	2007	1	2	1.4	3.105
3	2007	1	3	0.1	0.624
4	2007	1	4	0.4	3.021
5	2007	1	5	0	0.771
6	2007	1	6	0	-0.374
7	2007	1	7	0	2.121
8	2007	1	8	0	4.623
9	2007	1	9	0	8.85
10	2007	1	10	0	9.628
11	2007	1	11	0	8.231
12	2007	1	12	1.8	5.67
13	2007	1	13	0	6.763
14	2007	1	14	2.8	9.272
15	2007	1	15	18.2	8.679
16	2007	1	16	0	8.53
17	2007	1	17	0	7.831
18	2007	1	18	6.5	9.15
19	2007	1	19	0.4	12.974
20	2007	1	20	6.2	10.585
21	2007	1	21	13.2	7.474
22	2007	1	22	0.4	9.689
23	2007	1	23	1	10.568
24	2007	1	24	0	7.74
25	2007	1	25	1.8	6.015
26	2007	1	26	8.8	7.595
27	2007	1	27	6.4	9.488
28	2007	1	28	2.2	10.793
29	2007	1	29	8	10.722
30	2007	1	30	0	10.4
31	2007	1	31	0	6.392
32	2007	2	1	0	3.581
33	2007	2	2	0	-0.387
34	2007	2	3	0	-0.365
35	2007	2	4	0	0.031
36	2007	2	5	1.8	0.722
37	2007	2	6	1	4.732
38	2007	2	7	5.9	6.016
39	2007	2	8	5.2	7.607
40	2007	2	9	17.7	7.41
41	2007	2	10	41	6.536
42	2007	2	11	11	8.239
43	2007	2	12	0.5	7.149
44	2007	2	13	0	5.665
45	2007	2	14	0	4.359
46	2007	2	15	1.6	2.17
47	2007	2	16	0.3	1.856
48	2007	2	17	0	-1.011
49	2007	2	18	1.2	0.664
50	2007	2	19	0	3.786
51	2007	2	20	0	4.67
52	2007	2	21	0	8.011
53	2007	2	22	11.5	7.7
54	2007	2	23	0	7.881
55	2007	2	24	0	5.583
56	2007	2	25	0.4	6.873
57	2007	2	26	10	8.636
58	2007	2	27	0	8.165
59	2007	2	28	1	5.804
60	2007	3	1	21	5.62
61	2007	3	2	0.4	8.607
62	2007	3	3	0	7.682
63	2007	3	4	7.4	7.48
64	2007	3	5	17.2	8.963
65	2007	3	6	35.8	8.825
66	2007	3	7	11.8	7.178
67	2007	3	8	0.7	6.767
68	2007	3	9	0.2	6.434
69	2007	3	10	0	9.02
70	2007	3	11	0	8.147
71	2007	3	12	12.6	8.325
72	2007	3	13	0.8	7.392
73	2007	3	14	6.6	8.811
74	2007	3	15	14.2	9.496
75	2007	3	16	2.8	7.806
76	2007	3	17	3.6	8.297
77	2007	3	18	0	8.066
78	2007	3	19	8.5	6.704
79	2007	3	20	14.2	7.744
80	2007	3	21	5.4	9.239
81	2007	3	22	2.4	10.163
82	2007	3	23	10	9.418
83	2007	3	24	2.2	8.913
84	2007	3	25	4.8	8.737
85	2007	3	26	0.7	8.356
86	2007	3	27	2.5	9.911
87	2007	3	28	0	6.848
88	2007	3	29	0	2.062
89	2007	3	30	12.6	3.347
90	2007	3	31	0	3.232
91	2007	4	1	0	5.492
92	2007	4	2	0	4.951
93	2007	4	3	0	6.884
94	2007	4	4	0	9.371
95	2007	4	5	0	11.217
96	2007	4	6	0	11.907
97	2007	4	7	16.4	12.016
98	2007	4	8	0	8.782
99	2007	4	9	0	7.904
100	2007	4	10	0	10.797
101	2007	4	11	0	11.936
102	2007	4	12	0	11.924
103	2007	4	13	0	6.855
104	2007	4	14	0	6.674
105	2007	4	15	0	7.93
106	2007	4	16	0	10.37
107	2007	4	17	0	8.542
108	2007	4	18	6.6	9.398
109	2007	4	19	11	10.983
110	2007	4	20	0.5	12.11
111	2007	4	21	0	12.894
112	2007	4	22	0	14.199
113	2007	4	23	5.7	17.244
114	2007	4	24	2.2	19.271
115	2007	4	25	0.9	22.107
116	2007	4	26	2.2	18.508
117	2007	4	27	0	11.421
118	2007	4	28	0	9.465
119	2007	4	29	0	10.838
120	2007	4	30	0	9.251
121	2007	5	1	2.6	8.854
122	2007	5	2	0.2	13.691
123	2007	5	3	0	16.358
124	2007	5	4	0	17.833
125	2007	5	5	0.9	19.646
126	2007	5	6	0	18.957
127	2007	5	7	0	19.156
128	2007	5	8	17.2	18.741
129	2007	5	9	6.2	16.948
130	2007	5	10	0.8	14.432
131	2007	5	11	0	15.401
132	2007	5	12	0	14.334
133	2007	5	13	0	14.422
134	2007	5	14	0	15.471
135	2007	5	15	2.3	12.838
136	2007	5	16	5	12.266
137	2007	5	17	1.2	12.831
138	2007	5	18	16	12.915
139	2007	5	19	2.3	11.505
140	2007	5	20	5.4	14.021
141	2007	5	21	0	12.327
142	2007	5	22	0	13.202
143	2007	5	23	1.2	14.881
144	2007	5	24	0	13.225
145	2007	5	25	0	10.876
146	2007	5	26	4.8	11.199
147	2007	5	27	2.1	11.24
148	2007	5	28	0.6	16.109
149	2007	5	29	21.8	13.926
150	2007	5	30	17.7	13.537
151	2007	5	31	11.5	16.208
152	2007	6	1	14.3	14.948
153	2007	6	2	6.5	15.476
154	2007	6	3	9	18.152
155	2007	6	4	0.1	18.957
156	2007	6	5	0	15.216
157	2007	6	6	0	13.065
158	2007	6	7	0	12.203
159	2007	6	8	4.2	10.553
160	2007	6	9	2.2	13.268
161	2007	6	10	3.1	13.826
162	2007	6	11	2	14.664
163	2007	6	12	0.2	18.537
164	2007	6	13	1.3	18.075
165	2007	6	14	1.8	18.37
166	2007	6	15	4.8	18.339
167	2007	6	16	3.3	17.414
168	2007	6	17	0.6	20.58
169	2007	6	18	0.5	20.162
170	2007	6	19	3.5	15.492
171	2007	6	20	20.5	16.457
172	2007	6	21	0	17.873
173	2007	6	22	0	15.719
174	2007	6	23	0	16.987
175	2007	6	24	0	18.421
176	2007	6	25	0	17.43
177	2007	6	26	0	14.999
178	2007	6	27	0	16.649
179	2007	6	28	0	16.555
180	2007	6	29	0	20.433
181	2007	6	30	0	19.014
182	2007	7	1	0	16.374
183	2007	7	2	0	15.468
184	2007	7	3	0	15.815
185	2007	7	4	0	15.859
186	2007	7	5	0	16.24
187	2007	7	6	0	13.899
188	2007	7	7	0	13.159
189	2007	7	8	0	14.584
190	2007	7	9	0	14.896
191	2007	7	10	0	16.892
192	2007	7	11	4	19.613
193	2007	7	12	5.8	16.051
194	2007	7	13	1	13.686
195	2007	7	14	4.4	14.057
196	2007	7	15	3.5	14.916
197	2007	7	16	13.3	15.425
198	2007	7	17	4.2	16.084
199	2007	7	18	0.6	16.246
200	2007	7	19	8.2	14.428
201	2007	7	20	18.5	13.866
202	2007	7	21	14	14.294
203	2007	7	22	0	15.588
204	2007	7	23	2.2	20.261
205	2007	7	24	0	20.808
206	2007	7	25	7.5	22.548
207	2007	7	26	0	20.47
208	2007	7	27	0.4	19.231
209	2007	7	28	0	18.396
210	2007	7	29	0	18.958
211	2007	7	30	1.9	16.905
212	2007	7	31	10.5	17.304
213	2007	8	1	0.3	15.815
214	2007	8	2	2.4	15.056
215	2007	8	3	0	16.23
216	2007	8	4	5.6	17.617
217	2007	8	5	2	17.742
218	2007	8	6	1.9	17.449
219	2007	8	7	0	16.969
220	2007	8	8	0	14.228
221	2007	8	9	0	13.308
222	2007	8	10	0	14.766
223	2007	8	11	0	16.985
224	2007	8	12	0	16.506
225	2007	8	13	1.8	17.856
226	2007	8	14	3.4	20.367
227	2007	8	15	2.5	23.14
228	2007	8	16	0	19.681
229	2007	8	17	0	17.245
230	2007	8	18	0	15.333
231	2007	8	19	0	13.903
232	2007	8	20	0	16.806
233	2007	8	21	0	16.455
234	2007	8	22	0	17.04
235	2007	8	23	0	16.776
236	2007	8	24	0	18.099
237	2007	8	25	0	20.356
238	2007	8	26	0	16.216
239	2007	8	27	0	14.543
240	2007	8	28	0	15.464
241	2007	8	29	0	16.864
242	2007	8	30	0	14.985
243	2007	8	31	0	15.295
244	2007	9	1	2	16.157
245	2007	9	2	12.5	16.225
246	2007	9	3	17.2	19.224
247	2007	9	4	1	18.034
248	2007	9	5	0.3	16.554
249	2007	9	6	25.5	14.799
250	2007	9	7	2.4	14.02
251	2007	9	8	10.4	13.418
252	2007	9	9	4.8	14.931
253	2007	9	10	1.4	15.795
254	2007	9	11	0	16.23
255	2007	9	12	0.1	17.125
256	2007	9	13	0	14.552
257	2007	9	14	0	12.156
258	2007	9	15	0	12.467
259	2007	9	16	0	16.197
260	2007	9	17	0	15.896
261	2007	9	18	0	15.568
262	2007	9	19	0	14.614
263	2007	9	20	0	14.34
264	2007	9	21	0	14.109
265	2007	9	22	0	14.588
266	2007	9	23	0	14.197
267	2007	9	24	0	14.149
268	2007	9	25	0.4	13.964
269	2007	9	26	0.3	15.61
270	2007	9	27	0	14.621
271	2007	9	28	0.7	11.627
272	2007	9	29	2.7	10.94
273	2007	9	30	0.3	14.503
274	2007	10	1	0	16.21
275	2007	10	2	0	15.413
276	2007	10	3	0	16.286
277	2007	10	4	0	14.228
278	2007	10	5	0	11.801
279	2007	10	6	0	9.977
280	2007	10	7	2.3	11.444
281	2007	10	8	0.2	12.534
282	2007	10	9	12.2	12.341
283	2007	10	10	0.5	12.554
284	2007	10	11	7.3	10.89
285	2007	10	12	11	12.196
286	2007	10	13	9.4	13.573
287	2007	10	14	1.5	13.823
288	2007	10	15	12.5	12.606
289	2007	10	16	0	11.357
290	2007	10	17	0	10.785
291	2007	10	18	0	10.584
292	2007	10	19	0	11.515
293	2007	10	20	0	12.254
294	2007	10	21	0	10.274
295	2007	10	22	3.4	12.011
296	2007	10	23	0	11.932
297	2007	10	24	2.8	11.526
298	2007	10	25	12.2	11.787
299	2007	10	26	2.6	13.649
300	2007	10	27	0.7	11.937
301	2007	10	28	8.8	9.541
302	2007	10	29	16.2	9.119
303	2007	10	30	1.6	6.996
304	2007	10	31	0	8.551
305	2007	11	1	0.7	5.886
306	2007	11	2	4.5	3.356
307	2007	11	3	1.5	6.036
308	2007	11	4	10	7.222
309	2007	11	5	6.7	8.111
310	2007	11	6	13	8.686
311	2007	11	7	0.8	9.55
312	2007	11	8	0	8.741
313	2007	11	9	7.7	8.774
314	2007	11	10	0	9.721
315	2007	11	11	0	11.271
316	2007	11	12	0	11.813
317	2007	11	13	0	11.883
318	2007	11	14	0	9.73
319	2007	11	15	0	9.554
320	2007	11	16	1	8.041
321	2007	11	17	3.4	9.684
322	2007	11	18	11.8	9.601
323	2007	11	19	4.4	4.877
324	2007	11	20	3.2	8.811
325	2007	11	21	5.7	8.687
326	2007	11	22	0.4	5.377
327	2007	11	23	0	4.495
328	2007	11	24	0	3.193
329	2007	11	25	0	2.31
330	2007	11	26	0	3.566
331	2007	11	27	0	3.243
332	2007	11	28	0	2.319
333	2007	11	29	1.2	3.58
334	2007	11	30	4.4	7.54
335	2007	12	1	4	9.386
336	2007	12	2	1	8.419
337	2007	12	3	0	5.861
338	2007	12	4	2.3	4.983
339	2007	12	5	12.9	6.485
340	2007	12	6	1.9	4.858
341	2007	12	7	2.6	5.543
342	2007	12	8	0.3	5.188
343	2007	12	9	3.6	5.268
344	2007	12	10	15.4	6.576
345	2007	12	11	1.4	8.622
346	2007	12	12	2.2	8.744
347	2007	12	13	0	6.88
348	2007	12	14	2.2	6.962
349	2007	12	15	1.7	11.327
350	2007	12	16	17.7	10.022
351	2007	12	17	14.2	9.888
352	2007	12	18	0	5.867
353	2007	12	19	3.4	7.416
354	2007	12	20	6.8	6.917
355	2007	12	21	0	5.344
356	2007	12	22	0	3.292
357	2007	12	23	0.5	1.44
358	2007	12	24	0	0.378
359	2007	12	25	3.6	0.831
360	2007	12	26	1.4	-0.969
361	2007	12	27	1.6	-1.638
362	2007	12	28	0.8	-2.03
363	2007	12	29	0.2	-1.501
364	2007	12	30	12.5	4.172
365	2008	12	31	0	-4.809
1	2008	1	1	13.2	-4.946
2	2008	1	2	1.8	-1.754
3	2008	1	3	1.7	2.236
4	2008	1	4	11	2.467
5	2008	1	5	5.4	3.199
6	2008	1	6	0.7	3.176
7	2008	1	7	0	4.108
8	2008	1	8	0	6.279
9	2008	1	9	0	5.983
10	2008	1	10	4.2	5.883
11	2008	1	11	21.5	5
12	2008	1	12	0.5	4.832
13	2008	1	13	13	5.51
14	2008	1	14	1.2	5.617
15	2008	1	15	0.5	5.575
16	2008	1	16	0	5.618
17	2008	1	17	0	5.286
18	2008	1	18	1.4	5.752
19	2008	1	19	0.3	6.342
20	2008	1	20	0	6.493
21	2008	1	21	0	7.404
22	2008	1	22	0	9.279
23	2008	1	23	0	6.155
24	2008	1	24	0	6.183
25	2008	1	25	2.3	7.233
26	2008	1	26	0.6	7.208
27	2008	1	27	0	5.065
28	2008	1	28	0	6.941
29	2008	1	29	0	6.832
30	2008	1	30	0	6.811
31	2008	1	31	12.6	7.007
32	2008	2	1	7.7	7.106
33	2008	2	2	0	6.314
34	2008	2	3	0.6	6.698
35	2008	2	4	1	8.556
36	2008	2	5	4.5	6.142
37	2008	2	6	0.4	7.777
38	2008	2	7	16.2	7.618
39	2008	2	8	10.2	7.691
40	2008	2	9	5.6	5.699
41	2008	2	10	0.6	3.857
42	2008	2	11	1.5	3.818
43	2008	2	12	0	6.059
44	2008	2	13	0.4	3.577
45	2008	2	14	2.9	3.559
46	2008	2	15	6.1	6.694
47	2008	2	16	3.2	7.564
48	2008	2	17	27	7.593
49	2008	2	18	17	5.336
50	2008	2	19	14.7	6.531
51	2008	2	20	0.4	7.961
52	2008	2	21	0	6.939
53	2008	2	22	0	8.371
54	2008	2	23	0	7.452
55	2008	2	24	0	0.942
56	2008	2	25	20.5	0.887
57	2008	2	26	3	3.29
58	2008	2	27	0	0.067
59	2008	2	28	0	1.737
60	2008	2	29	12.7	2.389
61	2008	3	1	0.5	0.623
62	2008	3	2	0	3.705
63	2008	3	3	0	7.346
64	2008	3	4	5.9	9.977
65	2008	3	5	7.3	9.685
66	2008	3	6	0.4	10.249
67	2008	3	7	0	8.663
68	2008	3	8	0	10.5
69	2008	3	9	0	7.166
70	2008	3	10	0	6.176
71	2008	3	11	0	7.475
72	2008	3	12	0.8	9.265
73	2008	3	13	2.4	10.801
74	2008	3	14	7.7	6.271
75	2008	3	15	0	3.18
76	2008	3	16	0	2.809
77	2008	3	17	0	6.73
78	2008	3	18	0	7.525
79	2008	3	19	1	6.275
80	2008	3	20	0.4	7.635
81	2008	3	21	0	6.035
82	2008	3	22	0	8.207
83	2008	3	23	20.3	8.367
84	2008	3	24	1	8.095
85	2008	3	25	0.3	7.921
86	2008	3	26	0	10.511
87	2008	3	27	4.6	8.943
88	2008	3	28	10.5	4.957
89	2008	3	29	9.6	3.599
90	2008	3	30	0.6	3.831
91	2008	3	31	0.8	4.856
92	2008	4	1	0.8	4.409
93	2008	4	2	0	2.674
94	2008	4	3	0	1.105
95	2008	4	4	0	1.101
96	2008	4	5	0	1.632
97	2008	4	6	0	3.007
98	2008	4	7	0	4.621
99	2008	4	8	0	6.623
100	2008	4	9	0	9.441
101	2008	4	10	0	9.521
102	2008	4	11	0	10.194
103	2008	4	12	5.5	9.077
104	2008	4	13	5.8	8.942
105	2008	4	14	16.4	7.167
106	2008	4	15	16	8.063
107	2008	4	16	1.6	7.552
108	2008	4	17	0	4.639
109	2008	4	18	0	3.869
110	2008	4	19	0	4.933
111	2008	4	20	0	6.101
112	2008	4	21	0	7.3
113	2008	4	22	0	8.123
114	2008	4	23	7.7	9.02
115	2008	4	24	5.6	7.952
116	2008	4	25	1	6.927
117	2008	4	26	0.5	5.964
118	2008	4	27	0.4	5.535
119	2008	4	28	7.7	6.068
120	2008	4	29	0.4	8.342
121	2008	4	30	0.4	8.845
122	2008	5	1	10.8	12.147
123	2008	5	2	0.4	12.536
124	2008	5	3	0.4	12.67
125	2008	5	4	5.4	11.504
126	2008	5	5	26.7	12.014
127	2008	5	6	1.7	12.441
128	2008	5	7	0	15.129
129	2008	5	8	0	17.362
130	2008	5	9	0	11.476
131	2008	5	10	0	9.499
132	2008	5	11	0	11.462
133	2008	5	12	0	9.495
134	2008	5	13	0	10.897
135	2008	5	14	0	13.871
136	2008	5	15	0	15.974
137	2008	5	16	0	16.096
138	2008	5	17	0	17.776
139	2008	5	18	0	18.721
140	2008	5	19	0	19.271
141	2008	5	20	0	20.208
142	2008	5	21	0	20.86
143	2008	5	22	0	19.793
144	2008	5	23	0	19.494
145	2008	5	24	6.2	19.883
146	2008	5	25	0.3	17.936
147	2008	5	26	4.3	16.414
148	2008	5	27	0	14.661
149	2008	5	28	0.9	11.571
150	2008	5	29	23	11.347
151	2008	5	30	0.5	10.232
152	2008	5	31	0	11.044
153	2008	6	1	3.6	13.541
154	2008	6	2	2	15.932
155	2008	6	3	0	16.608
156	2008	6	4	0.5	17.039
157	2008	6	5	1.6	16.115
158	2008	6	6	0.2	15.01
159	2008	6	7	4.6	17.295
160	2008	6	8	13.7	19.41
161	2008	6	9	12.5	16.86
162	2008	6	10	0.4	14.886
163	2008	6	11	4.5	15.223
164	2008	6	12	0	15.799
165	2008	6	13	16.5	19.829
166	2008	6	14	3.3	17.99
167	2008	6	15	0.8	15.562
168	2008	6	16	1.2	13.517
169	2008	6	17	1.4	14.042
170	2008	6	18	24.5	13.49
171	2008	6	19	14.5	16.679
172	2008	6	20	0.5	20.394
173	2008	6	21	4.5	17.838
174	2008	6	22	4	14.012
175	2008	6	23	7.2	10.774
176	2008	6	24	5.6	11.998
177	2008	6	25	14.2	11.446
178	2008	6	26	5.6	11.828
179	2008	6	27	0	12.322
180	2008	6	28	3.5	14.406
181	2008	6	29	0.3	16.254
182	2008	6	30	4.4	15.805
183	2008	7	1	3.8	15.316
184	2008	7	2	0	17.661
185	2008	7	3	13.4	20.256
186	2008	7	4	2	15.493
187	2008	7	5	1.4	16.831
188	2008	7	6	0.4	18.019
189	2008	7	7	0	16.874
190	2008	7	8	4	17.045
191	2008	7	9	4	18.244
192	2008	7	10	0.4	17.307
193	2008	7	11	0	17.239
194	2008	7	12	0	20.565
195	2008	7	13	0	20.711
196	2008	7	14	0	16.529
197	2008	7	15	0	16.358
198	2008	7	16	0.6	17.374
199	2008	7	17	2.2	17.477
200	2008	7	18	6.4	15.518
201	2008	7	19	5.3	15.962
202	2008	7	20	0.4	14.82
203	2008	7	21	0	16.446
204	2008	7	22	0	16.632
205	2008	7	23	0	14.672
206	2008	7	24	0	14.376
207	2008	7	25	0	16.69
208	2008	7	26	0	16.55
209	2008	7	27	0	16.674
210	2008	7	28	0	14.429
211	2008	7	29	0	15.628
212	2008	7	30	0	16.628
213	2008	7	31	0.4	14.663
214	2008	8	1	6.5	13.38
215	2008	8	2	1.8	16.668
216	2008	8	3	0	17.691
217	2008	8	4	4.7	19.792
218	2008	8	5	0.7	21.828
219	2008	8	6	10	20.132
220	2008	8	7	0.4	21.796
221	2008	8	8	5.2	19.669
222	2008	8	9	0	20.511
223	2008	8	10	5.6	22.259
224	2008	8	11	4.6	24.075
225	2008	8	12	0.3	19.651
226	2008	8	13	0	18.398
227	2008	8	14	0	17.919
228	2008	8	15	0	17.834
229	2008	8	16	0	18.621
230	2008	8	17	0	22.249
231	2008	8	18	0	19.232
232	2008	8	19	0	15.894
233	2008	8	20	0	16.536
234	2008	8	21	0	17.786
235	2008	8	22	3.8	16.503
236	2008	8	23	0	16.763
237	2008	8	24	0	15.651
238	2008	8	25	0	15.269
239	2008	8	26	0	15.502
240	2008	8	27	0	16.38
241	2008	8	28	0.5	16.229
242	2008	8	29	8.9	16.036
243	2008	8	30	4.7	17.663
244	2008	8	31	0.4	17.052
245	2008	9	1	0.4	16.893
246	2008	9	2	0	14.815
247	2008	9	3	0.4	14.012
248	2008	9	4	0	14.778
249	2008	9	5	0.4	17.411
250	2008	9	6	4.2	17.842
251	2008	9	7	4.4	16.627
252	2008	9	8	15.2	17.139
253	2008	9	9	0.7	17.437
254	2008	9	10	0.5	19.181
255	2008	9	11	0.5	20.867
256	2008	9	12	0.7	16.826
257	2008	9	13	0.4	15.48
258	2008	9	14	0.4	13.533
259	2008	9	15	0.2	15.137
260	2008	9	16	1.3	15.258
261	2008	9	17	2	17.438
262	2008	9	18	0.7	14.778
263	2008	9	19	4.4	15.711
264	2008	9	20	3.9	16.823
265	2008	9	21	13	18.555
266	2008	9	22	2.5	19.315
267	2008	9	23	0.2	14.297
268	2008	9	24	1.6	12.521
269	2008	9	25	0	11.109
270	2008	9	26	0	11.222
271	2008	9	27	0.4	12.298
272	2008	9	28	3.2	11.926
273	2008	9	29	0	10.218
274	2008	9	30	0.4	10.483
275	2008	10	1	8.7	11.366
276	2008	10	2	0	12.386
277	2008	10	3	0	13.361
278	2008	10	4	0	12.573
279	2008	10	5	17.2	12.796
280	2008	10	6	29.2	11.991
281	2008	10	7	2	12.196
282	2008	10	8	5.4	12.213
283	2008	10	9	1.4	11.891
284	2008	10	10	9.3	11.184
285	2008	10	11	11.2	11.726
286	2008	10	12	0.8	12.61
287	2008	10	13	0	9.255
288	2008	10	14	0	6.925
289	2008	10	15	6.8	8.879
290	2008	10	16	4.2	11.169
291	2008	10	17	2.8	12.261
292	2008	10	18	1.2	14.49
293	2008	10	19	0	13.049
294	2008	10	20	12.7	10.978
295	2008	10	21	9.2	11.043
296	2008	10	22	0	12.671
297	2008	10	23	0	13.986
298	2008	10	24	0	16.022
299	2008	10	25	0	14.764
300	2008	10	26	0	13.723
301	2008	10	27	0	10.795
302	2008	10	28	0	8.731
303	2008	10	29	0	8.172
304	2008	10	30	6.6	10.269
305	2008	10	31	6	12.489
306	2008	11	1	10.5	10.49
307	2008	11	2	1.1	8.361
308	2008	11	3	23.7	8.599
309	2008	11	4	0.5	9.626
310	2008	11	5	3.2	8.917
311	2008	11	6	0.4	11.572
312	2008	11	7	0	8.911
313	2008	11	8	0	4.823
314	2008	11	9	0	2.562
315	2008	11	10	0	1.459
316	2008	11	11	0	4.545
317	2008	11	12	0	6.36
318	2008	11	13	3.6	8.303
319	2008	11	14	1	8.417
320	2008	11	15	0	6.508
321	2008	11	16	0	8.548
322	2008	11	17	0	9.461
323	2008	11	18	8.8	9.438
324	2008	11	19	2.5	8.814
325	2008	11	20	0	10.491
326	2008	11	21	0	13.43
327	2008	11	22	5.6	10.135
328	2008	11	23	0	8.49
329	2008	11	24	14.5	8.488
330	2008	11	25	1.4	8.779
331	2008	11	26	2	11.286
332	2008	11	27	0	9.615
333	2008	11	28	0	6.174
334	2008	11	29	2.6	7.074
335	2008	11	30	0	8.347
336	2008	12	1	0	10.317
337	2008	12	2	1.5	6.818
338	2008	12	3	12.8	1.397
339	2008	12	4	4.4	0.492
340	2008	12	5	1.8	1.147
341	2008	12	6	6.4	3.149
342	2008	12	7	1.8	4.433
343	2008	12	8	0.4	5.282
344	2008	12	9	8.4	3.293
345	2008	12	10	1.3	1.997
346	2008	12	11	1.8	1.457
347	2008	12	12	0.9	3.981
348	2008	12	13	0.4	3.815
349	2008	12	14	9.7	2.551
350	2008	12	15	0.4	2.383
351	2008	12	16	4.7	5.419
352	2008	12	17	4.5	5.07
353	2008	12	18	9.4	4.764
354	2008	12	19	1.4	0.254
355	2008	12	20	16.4	1.612
356	2008	12	21	0.1	2.454
357	2008	12	22	0.3	2.576
358	2008	12	23	5.5	1.264
359	2008	12	24	0	-0.393
360	2008	12	25	0	3.2
361	2008	12	26	0	1.897
362	2008	12	27	0	1.972
363	2008	12	28	0	2.377
364	2008	12	29	5	3.492
365	2008	12	30	12.5	4.172
366	2008	12	31	12.5	4.172
